p_id,ycount,gcount,hfcount,fcount,sum
1,0,0,0,44,44
2,0,0,0,0,0
3,3,12,0,438,453
4,212,0,0,1369,1581
5,1,0,0,56,57
6,2,0,0,105,107
7,224,318,0,2328,2870
8,2,0,0,16,18
9,1,2,0,234,237
10,33,22,0,841,896
11,5,8,0,271,284
12,30,0,0,26,56
13,1296,0,0,1485,2781
14,15,35,0,1168,1218
15,1,5,0,201,207
16,4,8,0,458,470
17,19,59,0,2069,2147
18,6,23,0,1022,1051
19,2,6,0,209,217
20,0,9,0,629,638
21,5,18,0,622,645
22,4,23,0,731,758
23,0,2,0,272,274
24,375,33,0,494,902
25,150,159,0,1393,1702
26,14,27,0,1186,1227
27,0,0,0,2,2
28,12,13,0,503,528
29,5,9,0,433,447
30,0,0,0,7,7
31,0,0,0,101,101
32,8,9,0,526,543
33,177,256,0,1254,1687
34,3,4,0,162,169
35,12,43,0,1405,1460
36,16,25,0,1756,1797
37,30,28,0,2351,2409
38,5,9,0,211,225
39,11,65,0,2035,2111
40,97,46,0,608,751
41,460,460,0,1649,2569
42,232,364,0,2375,2971
43,1726,81,0,788,2595
44,0,0,0,44,44
45,199,0,0,524,723
46,0,0,0,27,27
47,5,15,0,799,819
48,4013,1,0,3978,7992
49,42,111,0,1770,1923
50,1246,0,0,2010,3256
51,8,46,0,653,707
52,109,78,0,308,495
53,2,3,0,352,357
54,6,7,0,215,228
55,9,57,0,531,597
56,11,24,0,756,791
57,1,1,0,43,45
58,0,2,0,73,75
59,1,1,0,37,39
60,2,7,0,490,499
61,39,124,0,3789,3952
62,18,39,0,1028,1085
63,3,9,0,730,742
64,2,2,0,159,163
65,216,121,0,1323,1660
66,78,179,0,936,1193
67,5,10,0,441,456
68,2773,0,0,2909,5682
69,14,49,0,1528,1591
70,30,10,0,704,744
71,15,34,0,1039,1088
72,14,27,0,1441,1482
73,0,2,0,296,298
74,521,719,0,1877,3117
75,896,581,0,1693,3170
76,23,93,0,2203,2319
77,2,21,0,643,666
78,3,30,0,969,1002
79,2455,0,0,3952,6407
80,35,45,0,1722,1802
81,3,12,0,634,649
82,30,271,0,1219,1520
83,15,22,0,381,418
84,0,0,0,95,95
85,9,14,0,676,699
86,2,7,0,300,309
87,862,0,0,1733,2595
88,405,0,0,547,952
89,24,52,0,1923,1999
90,2010,0,0,2067,4077
91,11,36,0,1343,1390
92,11,57,0,1084,1152
93,18,6,0,116,140
94,0,8,0,411,419
95,36,198,0,1249,1483
96,0,0,0,61,61
97,102,170,0,1624,1896
98,2,4,0,231,237
99,0,0,0,8,8
100,3178,0,0,1968,5146
101,2,6,0,181,189
102,8,3,0,534,545
103,0,0,0,0,0
104,0,0,0,0,0
105,0,0,0,0,0
106,21,8,0,376,405
107,2728,0,0,2941,5669
108,2,20,0,356,378
109,0,0,0,121,121
110,0,0,0,1,1
111,0,0,0,18,18
112,26,35,0,1972,2033
113,1711,0,0,1688,3399
114,997,1,0,1439,2437
115,0,0,0,272,272
116,176,171,0,1259,1606
117,1,4,0,274,279
118,0,1,0,151,152
119,11,24,0,1116,1151
120,0,0,0,126,126
121,4,22,0,562,588
122,5,7,0,233,245
123,10,33,0,699,742
124,1,8,0,292,301
125,615,1,0,885,1501
126,1,8,0,587,596
127,14,45,0,781,840
128,0,2,0,62,64
129,76,206,0,1812,2094
130,11,139,0,1118,1268
131,4,11,0,384,399
132,2139,1,0,3687,5827
133,7,11,0,558,576
134,5,72,0,489,566
135,11,12,0,564,587
136,4,16,0,603,623
137,1459,0,0,1953,3412
138,2898,1,0,3024,5923
139,4,12,0,386,402
140,2367,0,0,2104,4471
141,2991,0,0,2244,5235
142,3188,0,0,2205,5393
143,1541,0,0,2112,3653
144,744,0,0,1638,2382
145,102,163,0,1484,1749
146,111,30,0,657,798
147,4,17,0,526,547
148,1097,0,0,2603,3700
149,5,12,0,558,575
150,2,9,0,291,302
151,1108,0,0,1212,2320
152,125,80,0,642,847
153,5,2,0,147,154
154,0,0,0,18,18
155,7,24,0,698,729
156,1,0,0,246,247
157,8,5,0,661,674
158,1047,0,0,1522,2569
159,10,38,0,927,975
160,1,10,0,474,485
161,4231,0,0,3060,7291
162,4148,0,0,2110,6258
163,2751,0,0,1682,4433
164,2686,1,0,2722,5409
165,12,27,0,827,866
166,643,294,0,1137,2074
167,7,19,0,1038,1064
168,27,32,0,1198,1257
169,7,19,0,1145,1171
170,4247,0,0,2655,6902
171,2,6,0,464,472
172,0,0,0,94,94
173,2,19,0,560,581
174,4,34,0,852,890
175,3,2,0,260,265
176,0,0,0,68,68
177,13,22,0,1197,1232
178,3,12,0,326,341
179,77,79,0,891,1047
180,3,8,0,346,357
181,118,158,0,2435,2711
182,9,50,0,644,703
183,1,11,0,197,209
184,0,1,0,41,42
185,6,19,0,639,664
186,4656,2,0,1798,6456
187,0,0,0,151,151
188,28,60,0,1795,1883
189,25,25,0,800,850
190,4,7,0,177,188
191,7,18,0,617,642
192,3,7,0,354,364
193,67,19,0,355,441
194,7,0,0,14,21
195,9,10,0,426,445
196,7,45,0,526,578
197,8,16,0,868,892
198,2,12,0,1380,1394
199,0,0,0,1,1
200,2,9,0,469,480
201,0,0,0,67,67
202,2,1,0,135,138
203,5,5,0,365,375
204,0,1,0,42,43
205,5,28,0,852,885
206,1,0,0,506,507
207,2,1,0,1,4
208,3,14,0,656,673
209,214,0,0,566,780
210,6,48,0,729,783
211,660,0,0,1261,1921
212,4,13,0,464,481
213,10,37,0,1101,1148
214,0,0,0,146,146
215,10,17,0,673,700
216,18,18,0,1226,1262
217,6,10,0,428,444
218,13,15,0,460,488
219,19,5,0,473,497
220,2,25,0,795,822
221,0,4,0,401,405
222,6,19,0,311,336
223,70,158,0,1398,1626
224,283,0,0,1011,1294
225,14,50,0,2239,2303
226,232,73,0,1369,1674
227,7,12,0,531,550
228,14,11,0,890,915
229,2466,0,0,2167,4633
230,3482,0,0,2623,6105
231,2111,0,0,3076,5187
232,158,0,0,1499,1657
233,1519,0,0,2074,3593
234,3254,0,0,2953,6207
235,8,40,0,1251,1299
236,5399,26,0,2295,7720
237,5134,0,0,2287,7421
238,2630,0,0,2266,4896
239,2814,0,0,2225,5039
240,4,1,0,221,226
241,2,18,0,896,916
242,5,41,0,907,953
243,19,77,0,1350,1446
244,175,244,0,1989,2408
245,0,1,0,171,172
246,1928,1,0,2887,4816
247,40,93,0,1900,2033
248,1,17,0,526,544
249,2089,0,0,2445,4534
250,2,19,0,470,491
251,1,0,0,138,139
252,1,3,0,281,285
253,0,0,0,28,28
254,2,24,0,1018,1044
255,88,125,0,2370,2583
256,59,65,0,1698,1822
257,8,11,0,413,432
258,11,12,0,686,709
259,4,16,0,651,671
260,81,141,0,786,1008
261,592,1,0,944,1537
262,1856,0,0,2023,3879
263,2318,8,0,1967,4293
