p_id,ycount,gcount,hfcount,fcount,sum
1,1,0,0,37,38
2,0,0,0,0,0
3,1,3,0,416,420
4,197,0,0,1040,1237
5,0,0,0,78,78
6,0,0,0,99,99
7,250,262,0,2858,3370
8,0,0,0,8,8
9,2,0,0,228,230
10,25,11,0,662,698
11,2,4,0,247,253
12,45,0,0,45,90
13,472,0,0,744,1216
14,7,13,0,1289,1309
15,1,0,0,187,188
16,3,7,0,698,708
17,22,31,0,1999,2052
18,3,8,0,1016,1027
19,1,2,0,222,225
20,2,11,0,564,577
21,1,11,0,592,604
22,5,14,0,763,782
23,1,0,0,299,300
24,234,21,0,417,672
25,86,114,0,1397,1597
26,5,9,0,345,359
27,0,0,0,11,11
28,18,5,0,435,458
29,1,7,0,348,356
30,0,0,0,2,2
31,1,1,0,116,118
32,2,9,0,529,540
33,55,88,0,808,951
34,3,1,0,59,63
35,9,27,0,1454,1490
36,15,63,0,2700,2778
37,30,18,0,3402,3450
38,1,9,0,211,221
39,12,25,0,1921,1958
40,43,32,0,483,558
41,307,314,0,1614,2235
42,166,223,0,2370,2759
43,1093,35,0,759,1887
44,0,0,0,81,81
45,233,0,0,723,956
46,0,0,0,43,43
47,5,8,0,796,809
48,3122,0,0,4112,7234
49,20,60,0,1835,1915
50,1015,0,0,1740,2755
51,12,16,0,813,841
52,26,43,0,257,326
53,1,2,0,395,398
54,4,2,0,135,141
55,0,21,0,445,466
56,3,19,0,849,871
57,2,0,0,54,56
58,0,0,0,64,64
59,0,1,0,44,45
60,2,5,0,466,473
61,36,64,0,3764,3864
62,5,21,0,825,851
63,3,7,0,737,747
64,0,2,0,137,139
65,118,97,0,1333,1548
66,33,50,0,610,693
67,3,1,0,404,408
68,2023,0,0,2355,4378
69,6,19,0,1412,1437
70,14,5,0,610,629
71,6,19,0,1069,1094
72,8,24,0,1449,1481
73,2,1,0,268,271
74,407,457,0,1779,2643
75,592,232,0,1437,2261
76,21,45,0,2337,2403
77,4,13,0,750,767
78,2,19,0,891,912
79,2560,0,0,4185,6745
80,55,97,0,2436,2588
81,2,11,0,702,715
82,68,312,0,1842,2222
83,21,35,0,604,660
84,0,1,0,200,201
85,3,19,0,923,945
86,1,2,0,227,230
87,415,0,0,1154,1569
88,176,0,0,280,456
89,9,31,0,2287,2327
90,1303,0,0,1526,2829
91,8,21,0,1255,1284
92,6,48,0,1743,1797
93,13,2,0,96,111
94,2,5,0,467,474
95,22,129,0,1235,1386
96,0,0,0,43,43
97,67,134,0,1502,1703
98,2,2,0,223,227
99,0,0,0,14,14
100,1823,1,0,1665,3489
101,1,4,0,157,162
102,2,3,0,518,523
103,0,0,0,0,0
104,0,0,0,0,0
105,1,0,0,0,1
106,17,24,0,544,585
107,1662,0,0,1924,3586
108,0,8,0,320,328
109,0,0,0,193,193
110,0,0,0,0,0
111,1,0,0,23,24
112,32,81,0,1846,1959
113,897,0,0,1143,2040
114,1215,0,0,1536,2751
115,0,0,0,133,133
116,86,142,0,1189,1417
117,2,5,0,233,240
118,0,0,0,168,168
119,6,13,0,963,982
120,0,0,0,100,100
121,3,7,0,360,370
122,2,3,0,276,281
123,1,6,0,331,338
124,2,1,0,265,268
125,336,0,0,553,889
126,3,1,0,519,523
127,6,27,0,1108,1141
128,0,2,0,46,48
129,99,274,0,2132,2505
130,7,83,0,1218,1308
131,6,5,0,312,323
132,1771,0,0,3284,5055
133,10,8,0,391,409
134,8,58,0,447,513
135,2,7,0,332,341
136,3,7,0,728,738
137,781,0,0,1383,2164
138,2044,1,0,3046,5091
139,2,10,0,327,339
140,976,0,0,1114,2090
141,1764,1,0,1373,3138
142,2387,0,0,1689,4076
143,865,0,0,1030,1895
144,853,0,0,1648,2501
145,78,79,0,1813,1970
146,172,42,0,820,1034
147,2,6,0,554,562
148,1927,0,0,3831,5758
149,1,7,0,374,382
150,0,6,0,246,252
151,687,0,0,807,1494
152,80,46,0,577,703
153,3,4,0,172,179
154,0,0,0,23,23
155,3,14,0,649,666
156,0,0,0,244,244
157,8,17,0,1019,1044
158,1051,0,0,1409,2460
159,9,22,0,882,913
160,2,5,0,572,579
161,2388,0,0,2001,4389
162,2136,0,0,1648,3784
163,1884,1,0,1596,3481
164,2199,0,0,3458,5657
165,7,10,0,417,434
166,276,131,0,887,1294
167,9,4,0,972,985
168,27,25,0,1308,1360
169,3,11,0,1206,1220
170,2133,0,0,1854,3987
171,4,4,0,511,519
172,0,0,0,109,109
173,5,21,0,673,699
174,3,10,0,834,847
175,2,3,0,156,161
176,0,0,0,58,58
177,5,13,0,1153,1171
178,10,4,0,112,126
179,53,40,0,863,956
180,0,2,0,303,305
181,98,161,0,2530,2789
182,5,15,0,629,649
183,0,2,0,280,282
184,0,1,0,55,56
185,3,8,0,586,597
186,3170,1,0,1794,4965
187,0,0,0,132,132
188,8,35,0,1781,1824
189,18,13,0,945,976
190,4,6,0,164,174
191,7,8,0,583,598
192,2,3,0,306,311
193,64,13,0,413,490
194,2,0,0,18,20
195,1,7,0,353,361
196,8,49,0,491,548
197,9,8,0,965,982
198,9,5,0,1817,1831
199,0,0,0,0,0
200,2,4,0,302,308
201,0,1,0,129,130
202,7,1,0,244,252
203,2,3,0,399,404
204,0,0,0,50,50
205,8,6,0,811,825
206,0,0,0,371,371
207,1,0,0,1,2
208,2,10,0,642,654
209,154,0,0,462,616
210,2,26,0,592,620
211,474,2,0,881,1357
212,2,15,0,513,530
213,4,17,0,963,984
214,1,0,0,129,130
215,3,8,0,662,673
216,10,10,0,1134,1154
217,7,2,0,366,375
218,5,5,0,408,418
219,6,1,0,416,423
220,2,19,0,736,757
221,0,0,0,244,244
222,4,8,0,283,295
223,56,106,0,1313,1475
224,226,0,0,595,821
225,20,30,0,2448,2498
226,217,56,0,1459,1732
227,1,6,0,503,510
228,13,15,0,887,915
229,1375,0,0,1453,2828
230,3101,0,0,2789,5890
231,988,0,0,1776,2764
232,138,0,0,1179,1317
233,791,0,0,1500,2291
234,1811,0,0,2077,3888
235,5,17,0,1181,1203
236,2118,11,0,1279,3408
237,2104,0,0,1260,3364
238,1381,0,0,1317,2698
239,1825,0,0,1381,3206
240,0,2,0,190,192
241,4,11,0,931,946
242,3,18,0,748,769
243,7,41,0,1564,1612
244,58,132,0,1881,2071
245,0,0,0,209,209
246,1250,0,0,1813,3063
247,20,23,0,1121,1164
248,5,5,0,579,589
249,1615,0,0,1873,3488
250,2,6,0,460,468
251,0,0,0,148,148
252,2,1,0,283,286
253,0,0,0,6,6
254,4,14,0,1052,1070
255,106,214,0,2520,2840
256,105,60,0,2095,2260
257,12,4,0,375,391
258,3,3,0,737,743
259,5,4,0,739,748
260,108,175,0,1147,1430
261,447,0,0,708,1155
262,947,0,0,898,1845
263,1438,5,0,1243,2686
