p_id,ycount,gcount,hfcount,fcount,sum
1,2,0,0,2,4
2,0,0,0,1,1
3,0,4,0,29,33
4,560,0,0,188,748
5,0,0,0,0,0
6,1,0,0,1,2
7,536,772,0,193,1501
8,4,2,0,0,6
9,1,0,0,11,12
10,16,2,0,15,33
11,1,0,0,8,9
12,43,0,0,1,44
13,2151,0,0,241,2392
14,8,12,0,82,102
15,0,0,0,4,4
16,0,0,0,18,18
17,91,264,0,134,489
18,4,69,0,17,90
19,1,1,0,6,8
20,0,42,0,83,125
21,0,2,0,32,34
22,1,1,0,18,20
23,0,0,0,3,3
24,634,67,0,62,763
25,216,297,0,116,629
26,3,4,0,30,37
27,0,0,0,0,0
28,15,24,0,37,76
29,0,7,0,35,42
30,0,0,0,1,1
31,0,6,0,4,10
32,0,13,0,35,48
33,328,423,0,134,885
34,6,12,0,14,32
35,3,20,0,16,39
36,65,46,0,244,355
37,99,108,0,295,502
38,0,0,0,6,6
39,0,7,0,40,47
40,229,158,0,88,475
41,716,918,0,178,1812
42,404,772,0,182,1358
43,2307,158,0,94,2559
44,0,0,0,0,0
45,405,0,0,65,470
46,0,0,0,2,2
47,3,57,0,42,102
48,5548,0,0,515,6063
49,102,336,0,183,621
50,1889,0,0,322,2211
51,1,7,0,49,57
52,244,164,0,62,470
53,0,3,0,8,11
54,31,22,0,26,79
55,1,21,0,27,49
56,11,27,0,185,223
57,0,0,0,4,4
58,0,0,0,6,6
59,0,0,0,1,1
60,1,10,0,26,37
61,76,266,0,219,561
62,18,53,0,68,139
63,4,4,0,12,20
64,0,2,0,1,3
65,264,234,0,123,621
66,98,303,0,98,499
67,0,2,0,22,24
68,4246,0,0,522,4768
69,11,127,0,40,178
70,34,24,0,68,126
71,1,13,0,27,41
72,1,12,0,38,51
73,0,3,0,14,17
74,764,964,0,117,1845
75,1332,961,0,103,2396
76,7,18,0,28,53
77,2,9,0,8,19
78,1,57,0,44,102
79,4234,0,0,696,4930
80,164,172,0,149,485
81,0,2,0,53,55
82,82,544,0,130,756
83,26,83,0,40,149
84,0,0,0,1,1
85,12,28,0,22,62
86,0,1,0,2,3
87,1300,0,0,206,1506
88,538,0,0,75,613
89,31,69,0,111,211
90,3252,0,0,453,3705
91,4,11,0,21,36
92,9,144,0,42,195
93,10,2,0,4,16
94,2,36,0,14,52
95,38,367,0,116,521
96,0,1,0,1,2
97,170,392,0,158,720
98,0,2,0,6,8
99,0,0,0,0,0
100,3664,0,0,253,3917
101,1,0,0,2,3
102,1,2,0,91,94
103,0,0,0,0,0
104,0,0,0,0,0
105,0,0,0,0,0
106,28,52,0,37,117
107,4351,0,0,511,4862
108,0,1,0,16,17
109,0,0,0,1,1
110,0,0,0,0,0
111,1,0,0,0,1
112,123,291,0,256,670
113,3219,0,0,435,3654
114,1827,0,0,231,2058
115,0,0,0,1,1
116,276,377,0,70,723
117,0,0,0,3,3
118,0,0,0,2,2
119,5,62,0,171,238
120,3,6,0,1,10
121,2,21,0,36,59
122,1,3,0,9,13
123,3,6,0,57,66
124,9,2,0,12,23
125,1105,0,0,172,1277
126,0,28,0,28,56
127,17,110,0,40,167
128,0,5,0,0,5
129,147,532,0,137,816
130,9,221,0,26,256
131,0,7,0,13,20
132,2394,2,0,403,2799
133,15,7,0,27,49
134,11,147,0,44,202
135,12,15,0,33,60
136,4,52,0,15,71
137,2402,0,0,280,2682
138,3577,3,0,362,3942
139,0,1,0,5,6
140,4114,0,0,291,4405
141,4564,0,0,522,5086
142,4291,0,0,426,4717
143,1974,0,0,325,2299
144,1514,0,0,355,1869
145,238,293,0,109,640
146,213,114,0,59,386
147,2,36,0,16,54
148,1763,0,0,362,2125
149,2,0,0,24,26
150,0,3,0,9,12
151,1500,0,0,151,1651
152,187,188,0,35,410
153,3,19,0,5,27
154,0,0,0,0,0
155,2,0,0,18,20
156,0,1,0,0,1
157,7,13,0,75,95
158,2018,0,0,452,2470
159,13,140,0,61,214
160,2,4,0,83,89
161,6030,0,0,594,6624
162,5887,0,0,413,6300
163,4281,0,0,454,4735
164,3904,0,0,424,4328
165,4,8,0,58,70
166,1020,666,0,99,1785
167,3,52,0,27,82
168,54,117,0,28,199
169,3,75,0,96,174
170,6387,0,0,506,6893
171,1,0,0,17,18
172,0,0,0,1,1
173,4,93,0,190,287
174,0,70,0,13,83
175,0,1,0,13,14
176,0,0,0,3,3
177,9,29,0,45,83
178,1,3,0,29,33
179,226,109,0,80,415
180,2,3,0,12,17
181,230,501,0,350,1081
182,1,56,0,38,95
183,0,17,0,29,46
184,0,7,0,0,7
185,3,29,0,40,72
186,6137,0,0,324,6461
187,0,1,0,0,1
188,42,115,0,98,255
189,75,134,0,146,355
190,9,20,0,7,36
191,1,8,0,13,22
192,3,10,0,24,37
193,82,35,0,13,130
194,4,2,0,0,6
195,13,19,0,16,48
196,58,54,0,52,164
197,2,16,0,27,45
198,9,8,0,261,278
199,0,0,0,0,0
200,1,3,0,30,34
201,0,0,0,1,1
202,8,10,0,5,23
203,1,0,0,9,10
204,0,0,0,1,1
205,0,2,0,16,18
206,0,0,0,1,1
207,1,3,0,0,4
208,0,14,0,56,70
209,307,0,0,93,400
210,0,98,0,24,122
211,1223,0,0,413,1636
212,2,30,0,269,301
213,1,14,0,290,305
214,0,0,0,4,4
215,3,11,0,11,25
216,7,15,0,31,53
217,18,14,0,14,46
218,0,2,0,9,11
219,5,1,0,12,18
220,6,29,0,33,68
221,0,1,0,2,3
222,0,1,0,8,9
223,273,294,0,136,703
224,599,0,0,206,805
225,47,136,0,150,333
226,450,209,0,134,793
227,6,5,0,18,29
228,22,36,0,62,120
229,3679,0,0,342,4021
230,5299,0,0,515,5814
231,3497,0,0,780,4277
232,330,0,0,133,463
233,2626,0,0,313,2939
234,5191,0,0,592,5783
235,6,48,0,485,539
236,6903,63,0,597,7563
237,7608,0,0,632,8240
238,3171,0,0,416,3587
239,3550,0,0,531,4081
240,0,4,0,5,9
241,3,37,0,26,66
242,2,57,0,34,93
243,19,228,0,85,332
244,247,462,0,104,813
245,0,0,0,0,0
246,2318,0,0,439,2757
247,16,157,0,46,219
248,2,27,0,97,126
249,3244,0,0,587,3831
250,3,32,0,90,125
251,0,0,0,2,2
252,0,0,0,11,11
253,0,0,0,8,8
254,2,20,0,46,68
255,295,489,0,304,1088
256,291,344,0,222,857
257,15,26,0,49,90
258,13,6,0,30,49
259,1,1,0,34,36
260,192,255,0,47,494
261,791,0,0,110,901
262,2614,1,0,351,2966
263,2851,33,0,409,3293
