p_id,ycount,gcount,hfcount,fcount,sum
1,1,0,0,0,1
2,0,0,0,0,0
3,0,3,0,0,3
4,639,0,0,0,639
5,0,0,0,0,0
6,1,0,0,0,1
7,454,883,0,0,1337
8,9,0,0,0,9
9,0,0,0,0,0
10,23,1,0,0,24
11,0,0,0,0,0
12,32,0,0,0,32
13,1922,0,0,0,1922
14,6,10,0,0,16
15,0,0,0,0,0
16,0,1,0,0,1
17,70,325,0,0,395
18,1,51,0,0,52
19,4,1,0,0,5
20,0,29,0,0,29
21,1,0,0,0,1
22,1,0,0,0,1
23,0,0,0,0,0
24,615,51,0,0,666
25,225,396,0,0,621
26,4,11,0,0,15
27,0,0,0,0,0
28,9,15,0,0,24
29,1,4,0,0,5
30,0,0,0,0,0
31,0,4,0,0,4
32,1,4,0,0,5
33,280,428,0,0,708
34,7,22,0,0,29
35,0,24,0,0,24
36,86,54,0,0,140
37,114,123,0,0,237
38,3,1,0,0,4
39,2,7,0,0,9
40,199,203,0,0,402
41,588,1074,0,0,1662
42,281,878,0,0,1159
43,1972,144,0,0,2116
44,0,0,0,0,0
45,383,0,0,0,383
46,0,1,0,0,1
47,1,24,0,0,25
48,6179,0,0,0,6179
49,117,455,0,0,572
50,2019,0,0,0,2019
51,0,5,0,0,5
52,155,163,0,0,318
53,0,9,0,0,9
54,16,34,0,0,50
55,0,29,0,0,29
56,4,40,0,0,44
57,0,0,0,0,0
58,0,0,0,0,0
59,0,0,0,0,0
60,2,21,0,0,23
61,82,379,0,0,461
62,15,65,0,0,80
63,0,2,0,0,2
64,0,0,0,0,0
65,275,263,0,0,538
66,101,312,0,0,413
67,3,3,0,0,6
68,5181,0,0,0,5181
69,9,107,0,0,116
70,26,28,0,0,54
71,4,14,0,0,18
72,4,16,0,0,20
73,2,4,0,0,6
74,654,1076,0,0,1730
75,1268,1001,0,0,2269
76,4,34,0,0,38
77,1,3,0,0,4
78,1,58,0,0,59
79,5918,0,0,0,5918
80,171,236,0,0,407
81,0,3,0,0,3
82,61,716,0,0,777
83,52,105,0,0,157
84,0,0,0,0,0
85,5,37,0,0,42
86,0,0,0,0,0
87,1511,0,0,0,1511
88,592,0,0,0,592
89,32,68,0,0,100
90,3625,0,0,0,3625
91,5,9,0,0,14
92,11,192,0,0,203
93,24,2,0,0,26
94,1,25,0,0,26
95,62,441,0,0,503
96,1,1,0,0,2
97,201,459,0,0,660
98,1,0,0,0,1
99,0,0,0,0,0
100,3737,0,0,0,3737
101,0,1,0,0,1
102,0,6,0,0,6
103,0,0,0,0,0
104,0,0,0,0,0
105,0,0,0,0,0
106,30,55,0,0,85
107,4732,0,0,0,4732
108,1,2,0,0,3
109,0,0,0,0,0
110,0,0,0,0,0
111,0,1,0,0,1
112,155,446,0,0,601
113,3135,0,0,0,3135
114,2713,0,0,0,2713
115,0,0,0,0,0
116,197,434,0,0,631
117,0,0,0,0,0
118,1,0,0,0,1
119,10,44,0,0,54
120,0,9,0,0,9
121,0,19,0,0,19
122,0,1,0,0,1
123,2,2,0,0,4
124,2,4,0,0,6
125,1089,0,0,0,1089
126,2,35,0,0,37
127,16,103,0,0,119
128,0,3,0,0,3
129,154,676,0,0,830
130,11,202,0,0,213
131,1,2,0,0,3
132,3073,2,0,0,3075
133,13,6,0,0,19
134,11,131,0,0,142
135,3,8,0,0,11
136,1,32,0,0,33
137,2499,0,0,0,2499
138,3652,4,0,0,3656
139,0,1,0,0,1
140,3726,0,0,0,3726
141,4407,0,0,0,4407
142,4187,0,0,0,4187
143,2044,0,0,0,2044
144,1863,0,0,0,1863
145,216,324,0,0,540
146,171,108,0,0,279
147,1,33,0,0,34
148,2941,0,0,0,2941
149,0,3,0,0,3
150,0,2,0,0,2
151,1584,0,0,0,1584
152,142,228,0,0,370
153,1,25,0,0,26
154,0,0,0,0,0
155,4,2,0,0,6
156,1,2,0,0,3
157,9,6,0,0,15
158,3273,0,0,0,3273
159,15,114,0,0,129
160,4,3,0,0,7
161,5858,0,0,0,5858
162,5609,0,0,0,5609
163,4346,0,0,0,4346
164,4484,0,0,0,4484
165,3,6,0,0,9
166,755,643,0,0,1398
167,2,59,0,0,61
168,41,131,0,0,172
169,2,53,0,0,55
170,6324,0,0,0,6324
171,0,0,0,0,0
172,0,0,0,0,0
173,7,120,0,0,127
174,1,54,0,0,55
175,0,2,0,0,2
176,0,0,0,0,0
177,2,40,0,0,42
178,2,1,0,0,3
179,193,115,0,0,308
180,4,3,0,0,7
181,277,548,0,0,825
182,3,72,0,0,75
183,1,17,0,0,18
184,0,5,0,0,5
185,1,25,0,0,26
186,6135,0,0,0,6135
187,0,0,0,0,0
188,32,110,0,0,142
189,68,136,0,0,204
190,17,16,0,0,33
191,0,3,0,0,3
192,2,21,0,0,23
193,87,24,0,0,111
194,16,0,0,0,16
195,13,26,0,0,39
196,26,76,0,0,102
197,8,15,0,0,23
198,11,12,0,0,23
199,0,0,0,0,0
200,2,3,0,0,5
201,0,0,0,0,0
202,11,3,0,0,14
203,0,2,0,0,2
204,0,0,0,0,0
205,0,2,0,0,2
206,0,0,0,0,0
207,2,0,0,0,2
208,0,6,0,0,6
209,330,0,0,0,330
210,0,75,0,0,75
211,1347,0,0,0,1347
212,1,35,0,0,36
213,2,13,0,0,15
214,0,0,0,0,0
215,9,4,0,0,13
216,5,16,0,0,21
217,19,30,0,0,49
218,1,0,0,0,1
219,2,1,0,0,3
220,8,29,0,0,37
221,0,0,0,0,0
222,3,1,0,0,4
223,222,362,0,0,584
224,658,0,0,0,658
225,36,146,0,0,182
226,448,260,0,0,708
227,1,6,0,0,7
228,31,43,0,0,74
229,3629,0,0,0,3629
230,5698,0,0,0,5698
231,3721,0,0,0,3721
232,465,1,0,0,466
233,2552,0,0,0,2552
234,5535,0,0,0,5535
235,1,48,0,0,49
236,6065,47,0,0,6112
237,6043,0,0,0,6043
238,3456,0,0,0,3456
239,3851,0,0,0,3851
240,0,5,0,0,5
241,4,38,0,0,42
242,1,44,0,0,45
243,28,170,0,0,198
244,214,536,0,0,750
245,0,0,0,0,0
246,2455,0,0,0,2455
247,32,171,0,0,203
248,1,30,0,0,31
249,4354,0,0,0,4354
250,4,31,0,0,35
251,0,0,0,0,0
252,2,1,0,0,3
253,1,1,0,0,2
254,2,7,0,0,9
255,423,1130,0,0,1553
256,321,496,0,0,817
257,15,14,0,0,29
258,8,9,0,0,17
259,1,1,0,0,2
260,179,345,0,0,524
261,892,0,0,0,892
262,2784,0,0,0,2784
263,3694,12,0,0,3706
