p_id,ycount,gcount,hfcount,fcount,sum
1,1,0,0,22,23
2,0,0,0,0,0
3,0,5,0,370,375
4,271,0,0,1211,1482
5,0,0,0,41,41
6,0,0,0,63,63
7,287,445,0,2075,2807
8,2,0,0,16,18
9,0,3,0,182,185
10,13,9,0,619,641
11,0,5,0,243,248
12,29,0,0,30,59
13,1414,0,0,1357,2771
14,7,36,0,1089,1132
15,0,1,0,182,183
16,0,4,0,414,418
17,14,72,0,1849,1935
18,3,20,0,797,820
19,2,5,0,151,158
20,2,13,0,495,510
21,2,11,0,621,634
22,1,13,0,731,745
23,0,0,0,194,194
24,461,43,0,454,958
25,130,204,0,1098,1432
26,3,26,0,1107,1136
27,0,0,0,4,4
28,10,20,0,462,492
29,1,17,0,368,386
30,0,0,0,4,4
31,0,1,0,76,77
32,2,13,0,445,460
33,180,287,0,1026,1493
34,0,1,0,127,128
35,3,37,0,1197,1237
36,15,73,0,2032,2120
37,24,40,0,2172,2236
38,0,0,0,184,184
39,6,41,0,1844,1891
40,118,71,0,553,742
41,473,588,0,1408,2469
42,283,443,0,1860,2586
43,1703,132,0,668,2503
44,0,0,0,47,47
45,235,0,0,561,796
46,0,1,0,38,39
47,3,13,0,652,668
48,4189,2,0,3365,7556
49,28,128,0,1424,1580
50,1108,0,0,1320,2428
51,2,15,0,516,533
52,134,132,0,258,524
53,0,4,0,276,280
54,11,9,0,165,185
55,1,25,0,455,481
56,4,21,0,725,750
57,0,1,0,35,36
58,0,0,0,51,51
59,0,0,0,29,29
60,2,4,0,423,429
61,30,107,0,3213,3350
62,5,24,0,913,942
63,1,7,0,661,669
64,0,0,0,124,124
65,182,156,0,889,1227
66,70,184,0,740,994
67,1,7,0,359,367
68,3018,0,0,2454,5472
69,4,39,0,1098,1141
70,17,10,0,516,543
71,7,22,0,939,968
72,0,25,0,1264,1289
73,0,0,0,277,277
74,551,772,0,1529,2852
75,1009,702,0,1377,3088
76,4,39,0,2138,2181
77,1,16,0,658,675
78,1,15,0,726,742
79,2922,0,0,3843,6765
80,37,56,0,1559,1652
81,0,7,0,527,534
82,57,394,0,1311,1762
83,31,56,0,407,494
84,0,0,0,66,66
85,8,4,0,610,622
86,0,0,0,210,210
87,942,0,0,1460,2402
88,399,0,0,338,737
89,23,41,0,1830,1894
90,2252,0,0,1721,3973
91,0,28,0,1170,1198
92,8,82,0,951,1041
93,8,2,0,82,92
94,0,2,0,333,335
95,20,218,0,1183,1421
96,1,1,0,43,45
97,100,180,0,1319,1599
98,1,4,0,263,268
99,0,0,0,10,10
100,3214,0,0,1335,4549
101,0,1,0,159,160
102,2,5,0,473,480
103,0,0,0,0,0
104,0,0,0,0,0
105,0,0,0,0,0
106,10,22,0,366,398
107,3085,0,0,2579,5664
108,1,13,0,335,349
109,0,0,0,77,77
110,0,0,0,0,0
111,0,0,0,13,13
112,34,59,0,1754,1847
113,1926,1,0,1724,3651
114,1272,0,0,1451,2723
115,0,0,0,101,101
116,225,206,0,1133,1564
117,0,0,0,152,152
118,0,0,0,111,111
119,8,15,0,683,706
120,1,2,0,80,83
121,3,12,0,533,548
122,0,4,0,236,240
123,0,18,0,772,790
124,1,6,0,252,259
125,699,0,0,803,1502
126,0,8,0,480,488
127,18,33,0,700,751
128,1,2,0,53,56
129,111,271,0,1753,2135
130,9,140,0,1036,1185
131,1,9,0,295,305
132,1640,0,0,2439,4079
133,6,15,0,542,563
134,6,65,0,447,518
135,5,8,0,514,527
136,1,19,0,495,515
137,1786,0,0,1960,3746
138,2445,0,0,1476,3921
139,0,3,0,296,299
140,2634,0,0,1837,4471
141,3452,0,0,2101,5553
142,3303,0,0,1908,5211
143,1743,0,0,1946,3689
144,840,0,0,1567,2407
145,78,172,0,1116,1366
146,123,44,0,419,586
147,0,7,0,425,432
148,1385,0,0,2545,3930
149,1,11,0,589,601
150,0,7,0,299,306
151,1259,0,0,1077,2336
152,159,93,0,594,846
153,3,5,0,137,145
154,0,0,0,22,22
155,2,14,0,631,647
156,0,0,0,181,181
157,4,4,0,537,545
158,1335,1,0,1626,2962
159,10,39,0,706,755
160,7,5,0,460,472
161,4174,0,0,2346,6520
162,4039,0,0,1593,5632
163,2790,0,0,1496,4286
164,2710,0,0,1897,4607
165,2,20,0,807,829
166,743,412,0,1182,2337
167,3,17,0,715,735
168,18,42,0,880,940
169,3,21,0,841,865
170,4419,0,0,2438,6857
171,3,6,0,394,403
172,0,0,0,58,58
173,7,21,0,492,520
174,2,18,0,729,749
175,0,4,0,217,221
176,0,0,0,40,40
177,2,30,0,979,1011
178,1,6,0,370,377
179,117,82,0,699,898
180,0,1,0,288,289
181,101,181,0,2068,2350
182,2,50,0,495,547
183,1,6,0,180,187
184,0,2,0,32,34
185,1,13,0,522,536
186,4921,0,0,1191,6112
187,0,0,0,116,116
188,15,57,0,1654,1726
189,15,27,0,741,783
190,4,4,0,135,143
191,0,7,0,479,486
192,0,6,0,291,297
193,86,48,0,302,436
194,5,1,0,7,13
195,7,6,0,333,346
196,29,55,0,442,526
197,9,12,0,714,735
198,5,5,0,1300,1310
199,0,0,0,0,0
200,1,3,0,383,387
201,1,1,0,46,48
202,0,0,0,138,138
203,0,1,0,272,273
204,0,0,0,30,30
205,5,12,0,722,739
206,0,0,0,353,353
207,1,0,0,4,5
208,2,7,0,555,564
209,197,0,0,462,659
210,0,36,0,807,843
211,728,0,0,1194,1922
212,3,17,0,419,439
213,3,38,0,866,907
214,0,0,0,99,99
215,3,13,0,601,617
216,5,10,0,1022,1037
217,12,8,0,312,332
218,6,8,0,382,396
219,3,3,0,360,366
220,3,12,0,657,672
221,0,0,0,235,235
222,1,8,0,330,339
223,91,193,0,1141,1425
224,413,0,0,1025,1438
225,10,45,0,1977,2032
226,302,104,0,1212,1618
227,0,12,0,454,466
228,17,13,0,659,689
229,2594,0,0,1864,4458
230,3580,0,0,2237,5817
231,2253,0,0,2800,5053
232,168,0,0,1255,1423
233,1608,0,0,1713,3321
234,3373,0,0,2565,5938
235,3,16,0,951,970
236,5563,64,0,2038,7665
237,5232,0,0,1974,7206
238,2838,0,0,2163,5001
239,3095,0,0,2028,5123
240,0,0,0,166,166
241,2,17,0,769,788
242,1,24,0,632,657
243,25,105,0,1303,1433
244,203,263,0,1580,2046
245,1,0,0,121,122
246,1667,0,0,2370,4037
247,17,30,0,703,750
248,0,7,0,417,424
249,2291,0,0,2329,4620
250,2,13,0,393,408
251,0,0,0,120,120
252,1,5,0,267,273
253,1,0,0,5,6
254,0,16,0,860,876
255,96,214,0,2163,2473
256,83,84,0,1707,1874
257,3,6,0,355,364
258,7,8,0,624,639
259,0,0,0,644,644
260,110,184,0,678,972
261,576,0,0,573,1149
262,2125,0,0,1762,3887
263,2489,11,0,1742,4242
