p_id,ycount,gcount,hfcount,fcount,sum
1,0,0,0,26,26
2,0,0,0,0,0
3,2,17,0,424,443
4,264,0,0,1333,1597
5,0,0,0,47,47
6,0,0,0,63,63
7,241,342,0,2083,2666
8,0,0,0,13,13
9,1,2,0,178,181
10,23,17,0,698,738
11,2,7,0,271,280
12,35,0,0,18,53
13,1309,0,0,1335,2644
14,8,26,0,1148,1182
15,2,3,0,153,158
16,2,3,0,398,403
17,21,67,0,1802,1890
18,3,25,0,878,906
19,1,9,0,146,156
20,1,8,0,538,547
21,4,15,0,592,611
22,10,19,0,745,774
23,0,0,0,184,184
24,423,40,0,489,952
25,115,161,0,1180,1456
26,8,27,0,1190,1225
27,0,0,0,2,2
28,6,17,0,473,496
29,1,17,0,414,432
30,0,0,0,1,1
31,0,3,0,116,119
32,3,14,0,476,493
33,150,272,0,993,1415
34,1,1,0,121,123
35,11,37,0,1380,1428
36,7,16,0,1445,1468
37,9,32,0,2042,2083
38,3,3,0,212,218
39,7,43,0,1973,2023
40,124,69,0,579,772
41,509,527,0,1356,2392
42,275,386,0,2051,2712
43,1710,105,0,707,2522
44,0,0,0,38,38
45,245,0,0,521,766
46,0,1,0,12,13
47,3,15,0,677,695
48,4212,0,0,3228,7440
49,37,132,0,1610,1779
50,1060,0,0,1358,2418
51,8,23,0,624,655
52,129,77,0,293,499
53,2,1,0,302,305
54,7,7,0,196,210
55,2,34,0,518,554
56,3,24,0,794,821
57,0,0,0,32,32
58,0,0,0,56,56
59,0,0,0,45,45
60,0,5,0,434,439
61,27,112,0,3245,3384
62,11,28,0,924,963
63,1,11,0,727,739
64,1,1,0,160,162
65,164,134,0,926,1224
66,56,158,0,814,1028
67,0,8,0,418,426
68,2759,0,0,2533,5292
69,9,52,0,1151,1212
70,26,11,0,559,596
71,8,25,0,1073,1106
72,6,38,0,1386,1430
73,0,5,0,250,255
74,506,745,0,1581,2832
75,993,643,0,1493,3129
76,16,73,0,2429,2518
77,5,16,0,675,696
78,0,19,0,770,789
79,2421,0,0,3459,5880
80,35,43,0,1480,1558
81,4,15,0,632,651
82,39,254,0,1233,1526
83,18,39,0,430,487
84,0,0,0,53,53
85,6,18,0,681,705
86,0,2,0,227,229
87,861,0,0,1347,2208
88,391,0,0,321,712
89,20,53,0,1904,1977
90,2068,1,0,1830,3899
91,7,36,0,1327,1370
92,3,77,0,993,1073
93,13,3,0,88,104
94,1,10,0,341,352
95,36,201,0,1176,1413
96,0,0,0,50,50
97,76,176,0,1320,1572
98,4,0,0,201,205
99,0,0,0,4,4
100,3128,1,0,1478,4607
101,0,7,0,178,185
102,0,9,0,507,516
103,0,0,0,0,0
104,0,0,0,0,0
105,0,0,0,0,0
106,14,12,0,332,358
107,2841,0,0,2449,5290
108,1,17,0,359,377
109,0,0,0,83,83
110,0,0,0,1,1
111,0,0,0,11,11
112,38,49,0,1728,1815
113,1859,0,0,1529,3388
114,1026,0,0,1390,2416
115,0,0,0,147,147
116,176,191,0,1057,1424
117,2,1,0,179,182
118,1,0,0,124,125
119,8,13,0,785,806
120,0,1,0,95,96
121,0,19,0,516,535
122,0,4,0,252,256
123,4,18,0,790,812
124,1,6,0,238,245
125,697,0,0,822,1519
126,1,11,0,477,489
127,14,39,0,624,677
128,2,1,0,40,43
129,72,205,0,1748,2025
130,10,100,0,1000,1110
131,2,13,0,317,332
132,2331,1,0,3057,5389
133,8,10,0,529,547
134,15,69,0,490,574
135,11,9,0,559,579
136,3,18,0,521,542
137,1569,0,0,1937,3506
138,3287,2,0,2074,5363
139,0,9,0,326,335
140,2598,0,0,1961,4559
141,3132,0,0,2258,5390
142,3176,0,0,1911,5087
143,1729,0,0,1926,3655
144,756,0,0,1411,2167
145,86,171,0,1163,1420
146,136,29,0,514,679
147,2,13,0,450,465
148,972,0,0,1991,2963
149,1,18,0,571,590
150,2,5,0,378,385
151,1201,0,0,1165,2366
152,130,94,0,505,729
153,2,2,0,117,121
154,0,2,0,23,25
155,4,30,0,673,707
156,0,1,0,202,203
157,2,11,0,614,627
158,1084,0,0,1413,2497
159,9,41,0,797,847
160,3,8,0,505,516
161,4392,1,0,2539,6932
162,4262,1,0,1666,5929
163,2864,1,0,1436,4301
164,2853,0,0,1950,4803
165,7,27,0,824,858
166,676,326,0,1095,2097
167,7,23,0,821,851
168,26,34,0,972,1032
169,4,29,0,971,1004
170,4255,0,0,2391,6646
171,5,5,0,403,413
172,0,0,0,86,86
173,3,22,0,502,527
174,3,32,0,764,799
175,2,5,0,220,227
176,0,0,0,48,48
177,6,30,0,1066,1102
178,0,11,0,391,402
179,110,67,0,772,949
180,2,3,0,281,286
181,101,156,0,2002,2259
182,4,42,0,515,561
183,0,9,0,201,210
184,1,1,0,28,30
185,3,14,0,525,542
186,5010,1,0,1224,6235
187,0,0,0,110,110
188,17,62,0,1704,1783
189,17,29,0,668,714
190,6,5,0,166,177
191,1,11,0,510,522
192,2,10,0,337,349
193,79,37,0,275,391
194,8,0,0,10,18
195,9,7,0,369,385
196,10,55,0,421,486
197,9,12,0,774,795
198,2,6,0,1265,1273
199,0,0,0,0,0
200,0,10,0,393,403
201,0,0,0,46,46
202,2,1,0,116,119
203,5,5,0,330,340
204,0,0,0,37,37
205,3,20,0,815,838
206,0,0,0,439,439
207,0,1,0,1,2
208,0,9,0,570,579
209,187,0,0,423,610
210,3,43,0,742,788
211,677,0,0,1105,1782
212,2,13,0,489,504
213,6,32,0,967,1005
214,0,0,0,114,114
215,13,24,0,680,717
216,12,19,0,1123,1154
217,8,10,0,359,377
218,4,7,0,419,430
219,13,2,0,400,415
220,6,11,0,620,637
221,0,0,0,248,248
222,5,10,0,354,369
223,75,169,0,1161,1405
224,415,0,0,1021,1436
225,9,53,0,2000,2062
226,280,82,0,1309,1671
227,4,9,0,454,467
228,8,18,0,709,735
229,2614,0,0,1843,4457
230,3340,0,0,2005,5345
231,1983,0,0,2512,4495
232,146,0,0,1338,1484
233,1593,0,0,1718,3311
234,3395,0,0,2449,5844
235,4,14,0,1041,1059
236,5500,30,0,2209,7739
237,5730,0,0,2235,7965
238,2680,0,0,2181,4861
239,2880,0,0,2063,4943
240,2,3,0,162,167
241,1,10,0,778,789
242,2,41,0,731,774
243,19,63,0,1186,1268
244,169,256,0,1683,2108
245,0,0,0,143,143
246,1456,0,0,2285,3741
247,21,55,0,762,838
248,3,15,0,466,484
249,1938,0,0,2110,4048
250,6,15,0,461,482
251,0,0,0,94,94
252,2,1,0,255,258
253,1,0,0,3,4
254,8,23,0,936,967
255,60,100,0,1732,1892
256,49,52,0,1572,1673
257,7,14,0,390,411
258,3,11,0,698,712
259,1,10,0,598,609
260,79,164,0,722,965
261,518,0,0,569,1087
262,2087,1,0,1877,3965
263,2325,11,0,1859,4195
