p_id,ycount,gcount,hfcount,fcount,sum
1,1,0,0,0,1
2,0,0,0,0,0
3,1,5,0,0,6
4,439,0,0,0,439
5,0,0,0,0,0
6,0,0,0,0,0
7,342,751,0,0,1093
8,2,1,0,0,3
9,0,0,0,0,0
10,29,3,0,0,32
11,0,0,0,0,0
12,39,0,0,0,39
13,1901,0,0,0,1901
14,2,24,0,0,26
15,0,0,0,0,0
16,0,1,0,0,1
17,52,264,0,0,316
18,3,43,0,0,46
19,0,1,0,0,1
20,1,28,0,0,29
21,1,2,0,0,3
22,2,4,0,0,6
23,1,1,0,0,2
24,544,74,0,0,618
25,183,314,0,0,497
26,3,9,0,0,12
27,0,0,0,0,0
28,17,18,0,0,35
29,2,5,0,0,7
30,0,0,0,0,0
31,0,3,0,0,3
32,0,10,0,0,10
33,268,442,0,0,710
34,5,16,0,0,21
35,1,26,0,0,27
36,27,37,0,0,64
37,61,99,0,0,160
38,1,2,0,0,3
39,6,10,0,0,16
40,175,153,0,0,328
41,537,916,0,0,1453
42,299,733,0,0,1032
43,2086,109,0,0,2195
44,0,0,0,0,0
45,356,0,0,0,356
46,0,0,0,0,0
47,1,34,0,0,35
48,5088,0,0,0,5088
49,67,335,0,0,402
50,1546,0,0,0,1546
51,0,5,0,0,5
52,183,180,0,0,363
53,0,2,0,0,2
54,12,17,0,0,29
55,0,27,0,0,27
56,11,58,0,0,69
57,0,0,0,0,0
58,0,1,0,0,1
59,0,1,0,0,1
60,2,15,0,0,17
61,53,295,0,0,348
62,8,70,0,0,78
63,0,1,0,0,1
64,0,1,0,0,1
65,263,248,0,0,511
66,82,317,0,0,399
67,10,3,0,0,13
68,4098,0,0,0,4098
69,5,90,0,0,95
70,38,34,0,0,72
71,2,12,0,0,14
72,0,19,0,0,19
73,1,1,0,0,2
74,573,924,0,0,1497
75,1154,931,0,0,2085
76,6,21,0,0,27
77,1,8,0,0,9
78,0,38,0,0,38
79,3730,0,0,0,3730
80,74,111,0,0,185
81,0,6,0,0,6
82,83,556,0,0,639
83,59,103,0,0,162
84,0,0,0,0,0
85,6,25,0,0,31
86,1,0,0,0,1
87,1280,0,0,0,1280
88,517,0,0,0,517
89,27,67,0,0,94
90,3103,0,0,0,3103
91,3,11,0,0,14
92,11,170,0,0,181
93,88,262,0,0,350
94,0,21,0,0,21
95,41,396,0,0,437
96,1,1,0,0,2
97,140,426,0,0,566
98,1,0,0,0,1
99,0,0,0,0,0
100,3752,0,0,0,3752
101,0,0,0,0,0
102,0,3,0,0,3
103,0,0,0,0,0
104,0,0,0,0,0
105,0,0,0,0,0
106,18,53,0,0,71
107,4005,0,0,0,4005
108,1,1,0,0,2
109,0,0,0,0,0
110,0,0,0,0,0
111,0,1,0,0,1
112,92,259,0,0,351
113,2806,0,0,0,2806
114,1752,0,0,0,1752
115,0,0,0,0,0
116,190,366,0,0,556
117,0,0,0,0,0
118,0,0,0,0,0
119,5,34,0,0,39
120,0,4,0,0,4
121,2,18,0,0,20
122,0,0,0,0,0
123,2,3,0,0,5
124,1,0,0,0,1
125,1115,0,0,0,1115
126,1,24,0,0,25
127,16,94,0,0,110
128,0,3,0,0,3
129,143,588,0,0,731
130,15,182,0,0,197
131,1,6,0,0,7
132,3229,4,0,0,3233
133,8,12,0,0,20
134,6,134,0,0,140
135,3,11,0,0,14
136,1,28,0,0,29
137,2086,0,0,0,2086
138,4172,1,0,0,4173
139,1,0,0,0,1
140,3741,0,0,0,3741
141,4003,0,0,0,4003
142,4056,0,0,0,4056
143,1927,0,0,0,1927
144,1282,0,0,0,1282
145,183,293,0,0,476
146,180,83,0,0,263
147,2,16,0,0,18
148,1518,0,0,0,1518
149,0,2,0,0,2
150,0,2,0,0,2
151,1483,0,0,0,1483
152,145,194,0,0,339
153,2,18,0,0,20
154,0,0,0,0,0
155,1,3,0,0,4
156,0,0,0,0,0
157,1,18,0,0,19
158,2391,0,0,0,2391
159,7,71,0,0,78
160,1,1,0,0,2
161,5633,0,0,0,5633
162,5556,0,0,0,5556
163,3676,0,0,0,3676
164,3886,0,0,0,3886
165,4,6,0,0,10
166,761,644,0,0,1405
167,1,50,0,0,51
168,20,83,0,0,103
169,0,47,0,0,47
170,6055,0,0,0,6055
171,0,0,0,0,0
172,0,0,0,0,0
173,10,106,0,0,116
174,1,41,0,0,42
175,0,0,0,0,0
176,0,0,0,0,0
177,6,30,0,0,36
178,2,0,0,0,2
179,124,100,0,0,224
180,3,0,0,0,3
181,143,439,0,0,582
182,0,73,0,0,73
183,0,10,0,0,10
184,0,9,0,0,9
185,1,19,0,0,20
186,5995,0,0,0,5995
187,0,0,0,0,0
188,36,82,0,0,118
189,39,99,0,0,138
190,9,16,0,0,25
191,0,4,0,0,4
192,3,18,0,0,21
193,76,28,0,0,104
194,4,2,0,0,6
195,2,32,0,0,34
196,28,89,0,0,117
197,11,15,0,0,26
198,6,6,0,0,12
199,0,0,0,0,0
200,3,5,0,0,8
201,0,0,0,0,0
202,4,8,0,0,12
203,0,0,0,0,0
204,0,0,0,0,0
205,0,1,0,0,1
206,0,0,0,0,0
207,1,1,0,0,2
208,1,7,0,0,8
209,280,0,0,0,280
210,1,75,0,0,76
211,1180,0,0,0,1180
212,3,22,0,0,25
213,0,10,0,0,10
214,1,0,0,0,1
215,11,3,0,0,14
216,4,12,0,0,16
217,20,24,0,0,44
218,1,0,0,0,1
219,10,0,0,0,10
220,2,33,0,0,35
221,0,0,0,0,0
222,0,0,0,0,0
223,119,337,0,0,456
224,462,0,0,0,462
225,26,127,0,0,153
226,413,213,0,0,626
227,0,3,0,0,3
228,16,47,0,0,63
229,3533,0,0,0,3533
230,4762,0,0,0,4762
231,3275,0,0,0,3275
232,295,0,0,0,295
233,2480,0,0,0,2480
234,4826,0,0,0,4826
235,4,36,0,0,40
236,6563,82,0,0,6645
237,6779,0,0,0,6779
238,3062,0,0,0,3062
239,3307,0,0,0,3307
240,0,2,0,0,2
241,2,35,0,0,37
242,0,36,0,0,36
243,28,184,0,0,212
244,177,464,0,0,641
245,0,0,0,0,0
246,2404,0,0,0,2404
247,21,123,0,0,144
248,0,13,0,0,13
249,2984,0,0,0,2984
250,1,24,0,0,25
251,0,0,0,0,0
252,0,0,0,0,0
253,2,4,0,0,6
254,0,8,0,0,8
255,149,409,0,0,558
256,174,270,0,0,444
257,14,25,0,0,39
258,5,6,0,0,11
259,0,2,0,0,2
260,167,260,0,0,427
261,701,0,0,0,701
262,2261,1,0,0,2262
263,2358,22,0,0,2380
