p_id,ycount,gcount,hfcount,fcount,sum
1,1,0,0,0,1
2,0,0,0,0,0
3,18,5,0,0,23
4,398,0,0,0,398
5,0,0,0,0,0
6,0,0,0,0,0
7,370,738,0,0,1108
8,1,2,0,0,3
9,0,1,0,0,1
10,27,1,0,0,28
11,1,3,0,0,4
12,48,0,0,0,48
13,1564,0,0,0,1564
14,4,8,0,0,12
15,0,0,0,0,0
16,0,0,0,0,0
17,53,272,0,0,325
18,2,40,0,0,42
19,2,0,0,0,2
20,0,23,0,0,23
21,0,4,0,0,4
22,0,1,0,0,1
23,1,0,0,0,1
24,485,69,0,0,554
25,178,283,0,0,461
26,2,3,0,0,5
27,0,0,0,0,0
28,4,15,0,0,19
29,0,6,0,0,6
30,0,0,0,0,0
31,0,2,0,0,2
32,1,2,0,0,3
33,255,385,0,0,640
34,5,22,0,0,27
35,3,13,0,0,16
36,26,33,0,0,59
37,42,72,0,0,114
38,2,0,0,0,2
39,2,9,0,0,11
40,157,152,0,0,309
41,455,853,0,0,1308
42,236,685,0,0,921
43,1810,111,0,0,1921
44,0,0,0,0,0
45,292,0,0,0,292
46,0,0,0,0,0
47,2,40,0,0,42
48,4743,0,0,0,4743
49,52,345,0,0,397
50,1441,0,0,0,1441
51,1,1,0,0,2
52,159,157,0,0,316
53,2,1,0,0,3
54,17,15,0,0,32
55,0,21,0,0,21
56,4,39,0,0,43
57,0,0,0,0,0
58,1,1,0,0,2
59,0,0,0,0,0
60,0,14,0,0,14
61,42,341,0,0,383
62,13,72,0,0,85
63,1,2,0,0,3
64,0,0,0,0,0
65,236,203,0,0,439
66,85,266,0,0,351
67,0,1,0,0,1
68,3454,0,0,0,3454
69,2,76,0,0,78
70,33,37,0,0,70
71,4,13,0,0,17
72,4,16,0,0,20
73,0,1,0,0,1
74,549,1045,0,0,1594
75,1006,868,0,0,1874
76,8,13,0,0,21
77,0,6,0,0,6
78,0,28,0,0,28
79,3413,0,0,0,3413
80,64,131,0,0,195
81,1,1,0,0,2
82,61,507,0,0,568
83,29,83,0,0,112
84,0,0,0,0,0
85,5,40,0,0,45
86,0,1,0,0,1
87,1104,0,0,0,1104
88,463,0,0,0,463
89,22,47,0,0,69
90,2780,0,0,0,2780
91,6,8,0,0,14
92,9,172,0,0,181
93,64,142,0,0,206
94,1,17,0,0,18
95,42,291,0,0,333
96,1,0,0,0,1
97,129,395,0,0,524
98,0,1,0,0,1
99,0,0,0,0,0
100,3622,0,0,0,3622
101,0,0,0,0,0
102,0,1,0,0,1
103,0,0,0,0,0
104,0,0,0,0,0
105,0,0,0,0,0
106,19,34,0,0,53
107,3546,0,0,0,3546
108,0,0,0,0,0
109,0,0,0,0,0
110,0,0,0,0,0
111,0,0,0,0,0
112,73,262,0,0,335
113,2472,0,0,0,2472
114,1499,0,0,0,1499
115,0,0,0,0,0
116,177,336,0,0,513
117,0,1,0,0,1
118,0,0,0,0,0
119,3,49,0,0,52
120,0,0,0,0,0
121,3,23,0,0,26
122,0,2,0,0,2
123,4,6,0,0,10
124,1,1,0,0,2
125,808,0,0,0,808
126,0,15,0,0,15
127,16,81,0,0,97
128,1,7,0,0,8
129,126,640,0,0,766
130,17,161,0,0,178
131,3,3,0,0,6
132,4039,0,0,0,4039
133,25,9,0,0,34
134,11,93,0,0,104
135,5,5,0,0,10
136,0,17,0,0,17
137,2036,0,0,0,2036
138,4935,3,0,0,4938
139,0,0,0,0,0
140,3505,0,0,0,3505
141,3813,0,0,0,3813
142,3647,0,0,0,3647
143,1821,0,0,0,1821
144,1024,0,0,0,1024
145,156,289,0,0,445
146,185,85,0,0,270
147,1,20,0,0,21
148,1185,0,0,0,1185
149,1,1,0,0,2
150,3,2,0,0,5
151,1372,0,0,0,1372
152,137,186,0,0,323
153,2,17,0,0,19
154,0,0,0,0,0
155,0,3,0,0,3
156,0,4,0,0,4
157,3,7,0,0,10
158,1762,0,0,0,1762
159,1,80,0,0,81
160,0,3,0,0,3
161,4520,0,0,0,4520
162,4815,0,0,0,4815
163,2996,0,0,0,2996
164,3294,0,0,0,3294
165,6,3,0,0,9
166,770,623,0,0,1393
167,1,40,0,0,41
168,27,90,0,0,117
169,1,33,0,0,34
170,5423,0,0,0,5423
171,1,1,0,0,2
172,0,0,0,0,0
173,6,115,0,0,121
174,0,39,0,0,39
175,0,0,0,0,0
176,0,0,0,0,0
177,6,26,0,0,32
178,1,0,0,0,1
179,140,97,0,0,237
180,3,0,0,0,3
181,157,376,0,0,533
182,0,45,0,0,45
183,0,5,0,0,5
184,0,4,0,0,4
185,1,10,0,0,11
186,6959,0,0,0,6959
187,0,1,0,0,1
188,28,109,0,0,137
189,36,101,0,0,137
190,8,14,0,0,22
191,1,3,0,0,4
192,1,18,0,0,19
193,69,34,0,0,103
194,9,1,0,0,10
195,7,24,0,0,31
196,17,65,0,0,82
197,6,15,0,0,21
198,8,7,0,0,15
199,0,0,0,0,0
200,1,1,0,0,2
201,0,0,0,0,0
202,11,10,0,0,21
203,1,0,0,0,1
204,0,0,0,0,0
205,1,0,0,0,1
206,0,0,0,0,0
207,10,3,0,0,13
208,2,6,0,0,8
209,227,0,0,0,227
210,1,60,0,0,61
211,931,0,0,0,931
212,1,17,0,0,18
213,1,12,0,0,13
214,0,0,0,0,0
215,13,1,0,0,14
216,4,15,0,0,19
217,14,20,0,0,34
218,1,1,0,0,2
219,9,0,0,0,9
220,2,25,0,0,27
221,0,0,0,0,0
222,0,0,0,0,0
223,167,302,0,0,469
224,601,0,0,0,601
225,19,109,0,0,128
226,364,207,0,0,571
227,0,2,0,0,2
228,13,38,0,0,51
229,3031,0,0,0,3031
230,3715,0,0,0,3715
231,2653,0,0,0,2653
232,219,0,0,0,219
233,2050,0,0,0,2050
234,3792,0,0,0,3792
235,5,30,0,0,35
236,6214,67,0,0,6281
237,6078,0,0,0,6078
238,2791,0,0,0,2791
239,3252,0,0,0,3252
240,1,3,0,0,4
241,0,27,0,0,27
242,2,35,0,0,37
243,33,146,0,0,179
244,171,422,0,0,593
245,0,0,0,0,0
246,1823,0,0,0,1823
247,14,106,0,0,120
248,2,18,0,0,20
249,2611,0,0,0,2611
250,0,16,0,0,16
251,0,0,0,0,0
252,0,0,0,0,0
253,2,9,0,0,11
254,0,6,0,0,6
255,147,449,0,0,596
256,103,228,0,0,331
257,3,15,0,0,18
258,3,2,0,0,5
259,0,0,0,0,0
260,131,290,0,0,421
261,606,0,0,0,606
262,2269,2,0,0,2271
263,2672,32,0,0,2704
