p_id,ycount,gcount,hfcount,fcount,sum
1,1,0,0,21,22
2,0,0,0,0,0
3,0,7,0,481,488
4,205,0,0,1276,1481
5,1,0,0,52,53
6,0,0,0,97,97
7,231,382,0,2349,2962
8,0,0,0,12,12
9,1,2,0,202,205
10,31,3,0,735,769
11,1,7,0,300,308
12,35,0,0,58,93
13,787,0,0,1045,1832
14,8,19,0,1198,1225
15,3,1,0,182,186
16,2,3,0,413,418
17,19,60,0,2138,2217
18,2,15,0,1045,1062
19,2,5,0,171,178
20,0,10,0,591,601
21,0,17,0,638,655
22,2,23,0,811,836
23,0,0,0,197,197
24,319,20,0,430,769
25,107,98,0,1163,1368
26,5,17,0,883,905
27,0,0,0,6,6
28,15,12,0,543,570
29,1,14,0,455,470
30,0,0,0,9,9
31,0,0,0,116,116
32,2,15,0,528,545
33,103,202,0,956,1261
34,2,0,0,115,117
35,7,34,0,1594,1635
36,13,29,0,1802,1844
37,18,24,0,2484,2526
38,5,9,0,244,258
39,9,38,0,2277,2324
40,65,36,0,520,621
41,408,463,0,1529,2400
42,256,324,0,2242,2822
43,1051,67,0,617,1735
44,0,0,0,49,49
45,174,0,0,597,771
46,0,2,0,32,34
47,4,19,0,812,835
48,3505,0,0,3377,6882
49,22,83,0,1526,1631
50,903,0,0,1364,2267
51,2,25,0,743,770
52,70,54,0,245,369
53,2,1,0,347,350
54,3,3,0,177,183
55,1,35,0,615,651
56,3,26,0,837,866
57,0,3,0,42,45
58,0,1,0,66,67
59,0,1,0,54,55
60,0,6,0,550,556
61,35,103,0,4167,4305
62,8,32,0,1215,1255
63,2,5,0,795,802
64,1,2,0,138,141
65,114,118,0,1033,1265
66,31,115,0,697,843
67,2,4,0,451,457
68,1934,0,0,2337,4271
69,5,42,0,1350,1397
70,24,7,0,595,626
71,6,26,0,1282,1314
72,7,40,0,1626,1673
73,0,3,0,285,288
74,452,670,0,1840,2962
75,789,533,0,1614,2936
76,11,58,0,2496,2565
77,3,13,0,751,767
78,2,13,0,917,932
79,2156,0,0,3398,5554
80,40,48,0,1549,1637
81,1,13,0,697,711
82,45,273,0,1454,1772
83,17,44,0,486,547
84,0,0,0,63,63
85,2,17,0,806,825
86,2,1,0,315,318
87,575,0,0,1310,1885
88,278,0,0,370,648
89,13,42,0,1951,2006
90,1385,0,0,1537,2922
91,11,29,0,1445,1485
92,4,69,0,1071,1144
93,13,3,0,69,85
94,0,7,0,418,425
95,18,183,0,1232,1433
96,0,0,0,54,54
97,86,149,0,1436,1671
98,1,4,0,234,239
99,0,0,0,4,4
100,2571,0,0,1493,4064
101,0,2,0,175,177
102,2,6,0,552,560
103,0,0,0,0,0
104,0,0,0,0,0
105,0,0,0,0,0
106,6,12,0,366,384
107,2057,0,0,2137,4194
108,1,15,0,345,361
109,0,0,0,112,112
110,0,0,0,3,3
111,1,0,0,12,13
112,23,42,0,1646,1711
113,1146,0,0,1211,2357
114,796,0,0,1199,1995
115,0,1,0,236,237
116,119,173,0,1173,1465
117,1,3,0,278,282
118,0,0,0,134,134
119,2,17,0,936,955
120,0,2,0,114,116
121,3,6,0,454,463
122,0,4,0,250,254
123,1,18,0,604,623
124,4,4,0,290,298
125,391,0,0,633,1024
126,3,7,0,558,568
127,6,36,0,703,745
128,0,2,0,51,53
129,69,243,0,1915,2227
130,22,118,0,1158,1298
131,4,8,0,352,364
132,1958,0,0,3152,5110
133,3,9,0,537,549
134,2,48,0,484,534
135,7,5,0,398,410
136,1,20,0,624,645
137,1321,0,0,1930,3251
138,1556,1,0,1864,3421
139,3,1,0,369,373
140,1868,1,0,1813,3682
141,2233,0,0,1807,4040
142,2171,0,0,1618,3789
143,1143,0,0,1542,2685
144,541,0,0,1278,1819
145,76,158,0,1168,1402
146,103,39,0,510,652
147,3,10,0,567,580
148,998,0,0,2405,3403
149,2,11,0,533,546
150,1,2,0,294,297
151,846,0,0,916,1762
152,75,83,0,578,736
153,2,3,0,124,129
154,0,2,0,23,25
155,4,16,0,716,736
156,0,1,0,219,220
157,8,3,0,673,684
158,743,0,0,1221,1964
159,4,36,0,1004,1044
160,3,2,0,482,487
161,3026,1,0,2308,5335
162,2835,2,0,1653,4490
163,1963,0,0,1409,3372
164,1880,2,0,2027,3909
165,3,23,0,685,711
166,413,274,0,935,1622
167,4,16,0,959,979
168,20,30,0,1152,1202
169,4,15,0,1098,1117
170,3049,0,0,2220,5269
171,0,5,0,500,505
172,0,0,0,77,77
173,4,14,0,581,599
174,3,32,0,850,885
175,2,1,0,198,201
176,0,0,0,70,70
177,7,27,0,1231,1265
178,3,5,0,249,257
179,70,48,0,857,975
180,1,5,0,316,322
181,58,138,0,2021,2217
182,2,34,0,628,664
183,2,4,0,229,235
184,0,0,0,37,37
185,1,9,0,669,679
186,3811,0,0,1231,5042
187,0,0,0,124,124
188,17,51,0,1942,2010
189,20,21,0,789,830
190,11,14,0,177,202
191,7,15,0,628,650
192,0,11,0,361,372
193,89,17,0,303,409
194,2,0,0,15,17
195,35,92,0,423,550
196,10,44,0,517,571
197,5,17,0,889,911
198,6,11,0,1357,1374
199,0,0,0,1,1
200,1,5,0,299,305
201,0,0,0,98,98
202,1,1,0,164,166
203,3,9,0,403,415
204,0,0,0,37,37
205,6,13,0,844,863
206,0,0,0,411,411
207,1,0,0,1,2
208,0,9,0,701,710
209,153,0,0,388,541
210,1,27,0,761,789
211,426,0,0,891,1317
212,5,16,0,535,556
213,5,31,0,1117,1153
214,0,0,0,144,144
215,11,7,0,750,768
216,14,14,0,1296,1324
217,6,4,0,284,294
218,9,16,0,472,497
219,5,3,0,435,443
220,2,20,0,644,666
221,1,0,0,323,324
222,5,12,0,389,406
223,66,134,0,1201,1401
224,370,0,0,941,1311
225,13,42,0,2325,2380
226,213,70,0,1298,1581
227,1,8,0,492,501
228,9,16,0,812,837
229,1801,2,0,1730,3533
230,2862,1,0,2331,5194
231,1249,0,0,2130,3379
232,123,0,0,1366,1489
233,1451,1,0,1710,3162
234,2035,1,0,2043,4079
235,3,16,0,1151,1170
236,2864,20,0,1501,4385
237,2868,0,0,1554,4422
238,1885,0,0,1674,3559
239,2141,0,0,1663,3804
240,0,0,0,196,196
241,1,10,0,847,858
242,3,31,0,806,840
243,10,65,0,1284,1359
244,77,201,0,1879,2157
245,0,0,0,181,181
246,944,0,0,1864,2808
247,16,25,0,978,1019
248,2,10,0,603,615
249,1484,0,0,1813,3297
250,3,18,0,504,525
251,0,0,0,113,113
252,2,3,0,272,277
253,1,0,0,9,10
254,2,24,0,999,1025
255,54,185,0,2067,2306
256,52,74,0,1720,1846
257,5,3,0,313,321
258,3,7,0,750,760
259,2,7,0,718,727
260,97,157,0,897,1151
261,458,0,0,669,1127
262,1486,1,0,1491,2978
263,1802,8,0,1611,3421
