p_id,p_hour,ycount,gcount,hfcount,fcount,sum
1,00,1,0,0,2,3
1,01,0,0,0,2,2
1,02,0,0,0,3,3
1,03,0,0,0,3,3
1,04,1,0,0,2,3
1,05,1,0,0,0,1
1,06,0,0,0,3,3
1,07,2,0,0,2,4
1,08,0,0,0,0,0
1,09,0,0,0,2,2
1,10,0,0,0,1,1
1,11,0,0,0,10,10
1,12,0,0,0,4,4
2,00,0,0,0,0,0
2,01,0,0,0,0,0
2,02,0,0,0,0,0
2,03,0,0,0,0,0
2,04,0,0,0,1,1
2,05,0,0,0,0,0
2,06,0,0,0,0,0
2,07,0,0,0,0,0
2,08,0,0,0,0,0
2,09,0,0,0,0,0
2,10,0,0,0,0,0
2,11,0,0,0,0,0
2,12,0,0,0,0,0
3,00,1,0,0,19,20
3,01,0,0,0,25,25
3,02,0,0,0,12,12
3,03,0,0,0,6,6
3,04,1,0,0,11,12
3,05,0,0,0,16,16
3,06,0,0,0,38,38
3,07,2,2,0,75,79
3,08,1,1,0,99,101
3,09,0,0,0,69,69
3,10,1,1,0,62,64
3,11,1,3,0,56,60
3,12,1,2,0,46,49
4,00,16,0,0,87,103
4,01,7,0,0,62,69
4,02,9,0,0,66,75
4,03,4,0,0,33,37
4,04,5,0,0,40,45
4,05,6,0,0,51,57
4,06,13,0,0,99,112
4,07,18,0,0,143,161
4,08,24,0,0,218,242
4,09,31,0,0,268,299
4,10,23,0,0,194,217
4,11,20,0,0,126,146
4,12,19,0,0,111,130
5,00,0,0,0,1,1
5,01,0,0,0,1,1
5,02,0,0,0,2,2
5,03,0,0,0,2,2
5,04,0,0,0,0,0
5,05,0,0,0,3,3
5,06,0,0,0,4,4
5,07,0,0,0,8,8
5,08,0,0,0,12,12
5,09,0,0,0,10,10
5,10,0,0,0,7,7
5,11,1,0,0,4,5
5,12,0,0,0,5,5
6,00,0,0,0,8,8
6,01,0,0,0,3,3
6,02,0,0,0,3,3
6,03,0,0,0,2,2
6,04,0,0,0,0,0
6,05,0,0,0,3,3
6,06,0,0,0,16,16
6,07,0,0,0,11,11
6,08,0,0,0,17,17
6,09,1,0,0,14,15
6,10,0,0,0,16,16
6,11,0,0,0,12,12
6,12,0,0,0,12,12
7,00,20,37,0,193,250
7,01,14,10,0,116,140
7,02,16,8,0,74,98
7,03,15,6,0,64,85
7,04,15,9,0,94,118
7,05,20,6,0,154,180
7,06,30,9,0,212,251
7,07,67,38,0,387,492
7,08,33,41,0,411,485
7,09,31,40,0,344,415
7,10,16,30,0,256,302
7,11,14,34,0,212,260
7,12,18,47,0,211,276
8,00,0,0,0,2,2
8,01,0,0,0,0,0
8,02,1,0,0,1,2
8,03,0,0,0,1,1
8,04,0,0,0,0,0
8,05,0,0,0,0,0
8,06,0,0,0,1,1
8,07,0,0,0,3,3
8,08,2,0,0,3,5
8,09,0,0,0,8,8
8,10,0,0,0,3,3
8,11,0,0,0,1,1
8,12,0,0,0,0,0
9,00,0,0,0,17,17
9,01,0,0,0,6,6
9,02,0,0,0,5,5
9,03,0,1,0,7,8
9,04,0,1,0,14,15
9,05,0,0,0,19,19
9,06,0,0,0,23,23
9,07,0,0,0,42,42
9,08,0,0,0,48,48
9,09,1,2,0,34,37
9,10,0,0,0,28,28
9,11,0,1,0,29,30
9,12,0,0,0,31,31
10,00,2,0,0,31,33
10,01,1,0,0,23,24
10,02,4,0,0,20,24
10,03,1,0,0,19,20
10,04,3,0,0,31,34
10,05,2,0,0,55,57
10,06,6,1,0,106,113
10,07,8,0,0,172,180
10,08,6,2,0,174,182
10,09,3,4,0,127,134
10,10,4,4,0,100,108
10,11,3,1,0,61,65
10,12,5,0,0,55,60
11,00,0,0,0,11,11
11,01,0,0,0,8,8
11,02,0,0,0,7,7
11,03,0,0,0,2,2
11,04,0,0,0,10,10
11,05,0,0,0,12,12
11,06,0,0,0,26,26
11,07,0,2,0,66,68
11,08,2,2,0,62,66
11,09,1,1,0,42,44
11,10,0,0,0,42,42
11,11,0,0,0,28,28
11,12,1,2,0,25,28
12,00,1,0,0,0,1
12,01,0,0,0,3,3
12,02,0,0,0,2,2
12,03,0,0,0,0,0
12,04,0,0,0,0,0
12,05,1,0,0,0,1
12,06,0,0,0,0,0
12,07,1,0,0,1,2
12,08,4,0,0,3,7
12,09,2,0,0,2,4
12,10,0,0,0,1,1
12,11,4,0,0,2,6
12,12,4,0,0,3,7
13,00,36,0,0,83,119
13,01,14,0,0,62,76
13,02,10,0,0,37,47
13,03,5,0,0,25,30
13,04,12,0,0,27,39
13,05,17,0,0,31,48
13,06,77,0,0,91,168
13,07,193,0,0,174,367
13,08,231,0,0,266,497
13,09,157,0,0,192,349
13,10,119,0,0,132,251
13,11,128,0,0,149,277
13,12,159,0,0,193,352
14,00,0,1,0,66,67
14,01,0,0,0,55,55
14,02,0,0,0,19,19
14,03,0,0,0,26,26
14,04,0,1,0,20,21
14,05,0,0,0,63,63
14,06,0,1,0,112,113
14,07,2,4,0,234,240
14,08,5,9,0,272,286
14,09,0,4,0,206,210
14,10,2,5,0,141,148
14,11,1,7,0,126,134
14,12,2,5,0,115,122
15,00,0,0,0,6,6
15,01,0,0,0,1,1
15,02,0,0,0,3,3
15,03,0,0,0,2,2
15,04,0,0,0,3,3
15,05,0,0,0,5,5
15,06,0,0,0,21,21
15,07,0,0,0,39,39
15,08,0,0,0,40,40
15,09,3,0,0,27,30
15,10,0,1,0,27,28
15,11,1,1,0,19,21
15,12,0,0,0,28,28
16,00,0,1,0,28,29
16,01,0,0,0,27,27
16,02,0,0,0,13,13
16,03,0,0,0,10,10
16,04,0,0,0,13,13
16,05,1,0,0,21,22
16,06,1,0,0,33,34
16,07,1,1,0,74,76
16,08,0,1,0,95,96
16,09,1,0,0,59,60
16,10,1,0,0,51,52
16,11,0,2,0,48,50
16,12,0,2,0,50,52
17,00,6,2,0,181,189
17,01,3,3,0,116,122
17,02,0,0,0,75,75
17,03,2,1,0,51,54
17,04,2,0,0,60,62
17,05,3,0,0,89,92
17,06,0,2,0,150,152
17,07,4,7,0,210,221
17,08,5,6,0,255,266
17,09,1,9,0,276,286
17,10,0,6,0,240,246
17,11,3,6,0,227,236
17,12,0,7,0,222,229
18,00,4,0,0,97,101
18,01,2,0,0,73,75
18,02,0,0,0,30,30
18,03,0,0,0,29,29
18,04,0,0,0,24,24
18,05,0,0,0,33,33
18,06,2,1,0,67,70
18,07,2,2,0,118,122
18,08,2,2,0,204,208
18,09,0,8,0,173,181
18,10,0,4,0,131,135
18,11,0,2,0,121,123
18,12,0,1,0,123,124
19,00,0,0,0,12,12
19,01,0,0,0,2,2
19,02,0,0,0,2,2
19,03,0,0,0,5,5
19,04,0,0,0,12,12
19,05,0,0,0,11,11
19,06,0,0,0,25,25
19,07,0,0,0,34,34
19,08,0,1,0,45,46
19,09,0,0,0,36,36
19,10,0,0,0,20,20
19,11,0,0,0,19,19
19,12,1,1,0,27,29
20,00,1,1,0,76,78
20,01,1,0,0,42,43
20,02,1,0,0,32,33
20,03,0,0,0,14,14
20,04,0,0,0,12,12
20,05,1,0,0,24,25
20,06,0,0,0,48,48
20,07,0,1,0,78,79
20,08,0,0,0,101,101
20,09,0,0,0,84,84
20,10,0,2,0,89,91
20,11,0,0,0,75,75
20,12,0,2,0,93,95
21,00,0,0,0,40,40
21,01,0,0,0,28,28
21,02,0,0,0,15,15
21,03,0,0,0,11,11
21,04,0,0,0,21,21
21,05,0,0,0,30,30
21,06,2,3,0,54,59
21,07,2,1,0,136,139
21,08,2,4,0,170,176
21,09,0,2,0,100,102
21,10,1,5,0,91,97
21,11,0,1,0,83,84
21,12,1,0,0,77,78
22,00,1,0,0,41,42
22,01,0,0,0,29,29
22,02,0,0,0,11,11
22,03,0,0,0,9,9
22,04,0,0,0,10,10
22,05,0,2,0,39,41
22,06,0,0,0,72,72
22,07,0,4,0,156,160
22,08,0,3,0,203,206
22,09,0,0,0,131,131
22,10,1,4,0,70,75
22,11,0,6,0,87,93
22,12,4,7,0,81,92
23,00,0,0,0,25,25
23,01,0,0,0,4,4
23,02,0,0,0,4,4
23,03,0,0,0,7,7
23,04,0,0,0,10,10
23,05,0,0,0,17,17
23,06,0,0,0,28,28
23,07,0,0,0,59,59
23,08,0,0,0,56,56
23,09,0,0,0,45,45
23,10,0,1,0,40,41
23,11,0,0,0,45,45
23,12,1,0,0,39,40
24,00,14,0,0,31,45
24,01,10,0,0,14,24
24,02,10,1,0,16,27
24,03,6,0,0,16,22
24,04,10,0,0,17,27
24,05,10,0,0,14,24
24,06,36,0,0,23,59
24,07,87,6,0,51,144
24,08,85,10,0,69,164
24,09,54,11,0,66,131
24,10,48,8,0,54,110
24,11,46,1,0,49,96
24,12,44,6,0,52,102
25,00,18,16,0,189,223
25,01,7,9,0,100,116
25,02,3,1,0,62,66
25,03,2,1,0,23,26
25,04,2,0,0,28,30
25,05,7,0,0,53,60
25,06,23,0,0,79,102
25,07,12,2,0,125,139
25,08,16,4,0,199,219
25,09,10,11,0,187,208
25,10,5,29,0,163,197
25,11,8,18,0,154,180
25,12,4,14,0,145,163
26,00,0,0,0,94,94
26,01,0,0,0,43,43
26,02,0,0,0,28,28
26,03,0,0,0,15,15
26,04,1,0,0,20,21
26,05,0,0,0,21,21
26,06,1,1,0,45,47
26,07,2,4,0,128,134
26,08,1,1,0,205,207
26,09,1,2,0,207,210
26,10,1,5,0,159,165
26,11,0,5,0,167,172
26,12,1,6,0,196,203
27,00,0,0,0,0,0
27,01,0,0,0,0,0
27,02,0,0,0,0,0
27,03,0,0,0,0,0
27,04,0,0,0,0,0
27,05,0,0,0,0,0
27,06,0,0,0,0,0
27,07,0,0,0,0,0
27,08,0,0,0,1,1
27,09,0,0,0,1,1
27,10,0,0,0,1,1
27,11,0,0,0,0,0
27,12,0,0,0,0,0
28,00,0,0,0,19,19
28,01,0,0,0,25,25
28,02,1,0,0,12,13
28,03,1,0,0,12,13
28,04,0,0,0,16,16
28,05,2,0,0,48,50
28,06,2,0,0,58,60
28,07,7,0,0,118,125
28,08,1,2,0,124,127
28,09,3,1,0,68,72
28,10,2,4,0,65,71
28,11,3,2,0,47,52
28,12,1,3,0,53,57
29,00,0,1,0,32,33
29,01,0,0,0,17,17
29,02,0,0,0,9,9
29,03,0,0,0,4,4
29,04,0,0,0,4,4
29,05,0,1,0,6,7
29,06,1,0,0,28,29
29,07,1,2,0,64,67
29,08,0,4,0,104,108
29,09,0,1,0,81,82
29,10,0,5,0,56,61
29,11,0,5,0,40,45
29,12,1,2,0,65,68
30,00,0,0,0,0,0
30,01,0,0,0,0,0
30,02,0,0,0,0,0
30,03,0,0,0,0,0
30,04,0,0,0,0,0
30,05,0,0,0,1,1
30,06,0,0,0,0,0
30,07,0,0,0,0,0
30,08,0,0,0,0,0
30,09,0,0,0,0,0
30,10,0,0,0,0,0
30,11,0,0,0,0,0
30,12,0,0,0,0,0
31,00,0,0,0,13,13
31,01,0,0,0,5,5
31,02,0,0,0,5,5
31,03,0,0,0,0,0
31,04,0,0,0,4,4
31,05,0,0,0,6,6
31,06,0,0,0,7,7
31,07,1,1,0,18,20
31,08,1,0,0,24,25
31,09,0,0,0,26,26
31,10,0,0,0,18,18
31,11,1,0,0,18,19
31,12,0,0,0,11,11
32,00,0,0,0,28,28
32,01,0,0,0,38,38
32,02,0,0,0,18,18
32,03,0,0,0,7,7
32,04,0,0,0,21,21
32,05,0,0,0,22,22
32,06,2,3,0,42,47
32,07,2,2,0,69,73
32,08,1,1,0,93,95
32,09,0,1,0,104,105
32,10,0,2,0,64,66
32,11,0,3,0,57,60
32,12,1,2,0,46,49
33,00,3,5,0,71,79
33,01,1,0,0,40,41
33,02,4,0,0,24,28
33,03,1,0,0,11,12
33,04,2,0,0,21,23
33,05,4,0,0,42,46
33,06,26,8,0,67,101
33,07,43,13,0,105,161
33,08,44,29,0,182,255
33,09,21,35,0,187,243
33,10,10,36,0,150,196
33,11,15,34,0,127,176
33,12,15,25,0,130,170
34,00,0,0,0,26,26
34,01,0,0,0,7,7
34,02,0,0,0,5,5
34,03,0,0,0,5,5
34,04,0,0,0,1,1
34,05,0,0,0,3,3
34,06,0,0,0,8,8
34,07,0,0,0,15,15
34,08,0,0,0,20,20
34,09,0,0,0,20,20
34,10,0,2,0,21,23
34,11,0,1,0,23,24
34,12,1,1,0,26,28
35,00,2,0,0,72,74
35,01,0,0,0,46,46
35,02,0,0,0,41,41
35,03,0,0,0,43,43
35,04,1,2,0,40,43
35,05,0,2,0,70,72
35,06,2,4,0,110,116
35,07,3,6,0,185,194
35,08,2,14,0,261,277
35,09,2,12,0,200,214
35,10,0,9,0,135,144
35,11,0,4,0,133,137
35,12,1,4,0,119,124
36,00,3,1,0,294,298
36,01,0,2,0,215,217
36,02,0,3,0,170,173
36,03,1,5,0,128,134
36,04,0,1,0,119,120
36,05,1,2,0,87,90
36,06,0,1,0,134,135
36,07,1,0,0,176,177
36,08,1,0,0,196,197
36,09,1,4,0,182,187
36,10,0,1,0,172,173
36,11,0,1,0,146,147
36,12,0,1,0,132,133
37,00,4,1,0,267,272
37,01,4,0,0,183,187
37,02,5,1,0,143,149
37,03,4,0,0,129,133
37,04,2,1,0,104,107
37,05,3,0,0,112,115
37,06,6,0,0,189,195
37,07,2,3,0,254,259
37,08,1,4,0,299,304
37,09,6,3,0,277,286
37,10,2,5,0,236,243
37,11,0,3,0,231,234
37,12,0,5,0,207,212
38,00,0,0,0,5,5
38,01,0,0,0,5,5
38,02,0,0,0,3,3
38,03,1,0,0,6,7
38,04,1,1,0,6,8
38,05,0,0,0,11,11
38,06,2,0,0,19,21
38,07,1,0,0,48,49
38,08,0,0,0,46,46
38,09,0,2,0,36,38
38,10,1,1,0,26,28
38,11,0,1,0,22,23
38,12,0,0,0,22,22
39,00,1,0,0,102,103
39,01,0,0,0,61,61
39,02,0,0,0,51,51
39,03,0,0,0,49,49
39,04,1,1,0,42,44
39,05,3,3,0,95,101
39,06,3,4,0,202,209
39,07,1,8,0,302,311
39,08,4,9,0,396,409
39,09,2,10,0,268,280
39,10,1,5,0,179,185
39,11,0,2,0,182,184
39,12,0,6,0,194,200
40,00,5,3,0,61,69
40,01,1,2,0,19,22
40,02,2,0,0,13,15
40,03,0,0,0,10,10
40,04,0,0,0,13,13
40,05,2,1,0,24,27
40,06,15,0,0,58,73
40,07,31,7,0,77,115
40,08,34,12,0,108,154
40,09,11,8,0,103,122
40,10,5,6,0,91,102
40,11,5,7,0,73,85
40,12,1,3,0,70,74
41,00,33,8,0,119,160
41,01,31,4,0,85,120
41,02,15,5,0,46,66
41,03,7,0,0,32,39
41,04,16,2,0,40,58
41,05,23,2,0,59,84
41,06,71,17,0,86,174
41,07,146,56,0,215,417
41,08,152,74,0,483,709
41,09,63,92,0,272,427
41,10,35,55,0,164,254
41,11,41,54,0,178,273
41,12,36,46,0,148,230
42,00,18,2,0,112,132
42,01,18,3,0,100,121
42,02,4,1,0,78,83
42,03,2,3,0,59,64
42,04,5,2,0,72,79
42,05,19,1,0,98,118
42,06,33,10,0,153,196
42,07,53,44,0,317,414
42,08,78,70,0,443,591
42,09,36,30,0,360,426
42,10,8,42,0,292,342
42,11,12,32,0,239,283
42,12,12,41,0,233,286
43,00,54,0,0,91,145
43,01,15,0,0,28,43
43,02,11,0,0,18,29
43,03,3,0,0,10,13
43,04,12,0,0,14,26
43,05,39,1,0,29,69
43,06,54,1,0,46,101
43,07,189,5,0,109,303
43,08,261,8,0,149,418
43,09,264,15,0,114,393
43,10,226,12,0,123,361
43,11,249,11,0,121,381
43,12,290,18,0,147,455
44,00,0,0,0,4,4
44,01,0,0,0,2,2
44,02,0,0,0,3,3
44,03,0,0,0,0,0
44,04,0,0,0,1,1
44,05,0,0,0,0,0
44,06,0,0,0,1,1
44,07,0,0,0,7,7
44,08,0,0,0,3,3
44,09,0,0,0,9,9
44,10,0,0,0,10,10
44,11,0,0,0,10,10
44,12,0,0,0,9,9
45,00,15,0,0,77,92
45,01,19,0,0,52,71
45,02,6,0,0,39,45
45,03,15,0,0,27,42
45,04,13,0,0,12,25
45,05,2,0,0,18,20
45,06,5,0,0,25,30
45,07,14,0,0,35,49
45,08,10,0,0,63,73
45,09,22,0,0,87,109
45,10,16,0,0,80,96
45,11,28,0,0,67,95
45,12,28,0,0,76,104
46,00,0,0,0,0,0
46,01,0,0,0,2,2
46,02,0,0,0,0,0
46,03,0,0,0,0,0
46,04,0,0,0,0,0
46,05,0,0,0,1,1
46,06,0,0,0,2,2
46,07,0,0,0,1,1
46,08,0,0,0,2,2
46,09,0,1,0,2,3
46,10,0,0,0,2,2
46,11,0,0,0,4,4
46,12,0,0,0,4,4
47,00,1,0,0,59,60
47,01,2,0,0,39,41
47,02,0,0,0,30,30
47,03,0,0,0,30,30
47,04,0,0,0,21,21
47,05,1,0,0,27,28
47,06,0,0,0,44,44
47,07,2,3,0,117,122
47,08,2,3,0,181,186
47,09,1,2,0,152,155
47,10,1,2,0,88,91
47,11,1,0,0,108,109
47,12,0,1,0,90,91
48,00,384,0,0,493,877
48,01,258,0,0,391,649
48,02,136,0,0,256,392
48,03,137,0,0,185,322
48,04,142,0,0,174,316
48,05,156,0,0,175,331
48,06,259,0,0,262,521
48,07,387,0,0,380,767
48,08,344,0,0,555,899
48,09,363,0,0,538,901
48,10,328,0,0,437,765
48,11,316,0,0,390,706
48,12,294,0,0,378,672
49,00,8,5,0,145,158
49,01,2,1,0,76,79
49,02,0,0,0,49,49
49,03,2,0,0,31,33
49,04,0,0,0,40,40
49,05,0,2,0,67,69
49,06,4,3,0,111,118
49,07,4,5,0,158,167
49,08,6,13,0,247,266
49,09,2,16,0,281,299
49,10,1,7,0,258,266
49,11,3,15,0,191,209
49,12,0,8,0,166,174
50,00,89,0,0,193,282
50,01,52,0,0,148,200
50,02,29,0,0,81,110
50,03,22,0,0,43,65
50,04,18,0,0,39,57
50,05,22,0,0,36,58
50,06,82,0,0,96,178
50,07,144,0,0,195,339
50,08,140,0,0,309,449
50,09,126,0,0,299,425
50,10,115,0,0,215,330
50,11,98,0,0,219,317
50,12,116,0,0,175,291
51,00,0,1,0,33,34
51,01,1,0,0,28,29
51,02,2,0,0,18,20
51,03,0,0,0,16,16
51,04,0,0,0,13,13
51,05,1,0,0,32,33
51,06,1,1,0,42,44
51,07,1,4,0,74,79
51,08,3,5,0,96,104
51,09,1,6,0,110,117
51,10,4,2,0,68,74
51,11,2,6,0,82,90
51,12,1,1,0,92,94
52,00,0,1,0,26,27
52,01,0,3,0,13,16
52,02,0,0,0,5,5
52,03,1,0,0,8,9
52,04,0,0,0,10,10
52,05,5,0,0,11,16
52,06,23,2,0,20,45
52,07,39,5,0,42,86
52,08,40,8,0,54,102
52,09,9,13,0,66,88
52,10,10,16,0,50,76
52,11,5,12,0,36,53
52,12,12,7,0,38,57
53,00,0,1,0,13,14
53,01,0,0,0,4,4
53,02,0,0,0,11,11
53,03,0,0,0,4,4
53,04,1,0,0,12,13
53,05,0,1,0,21,22
53,06,2,0,0,33,35
53,07,0,0,0,68,68
53,08,1,0,0,60,61
53,09,0,1,0,72,73
53,10,0,0,0,37,37
53,11,0,0,0,39,39
53,12,0,0,0,37,37
54,00,0,0,0,10,10
54,01,0,0,0,7,7
54,02,0,0,0,1,1
54,03,1,0,0,1,2
54,04,1,0,0,2,3
54,05,0,1,0,13,14
54,06,2,0,0,13,15
54,07,2,1,0,37,40
54,08,1,0,0,53,54
54,09,0,0,0,48,48
54,10,0,1,0,31,32
54,11,2,0,0,16,18
54,12,0,0,0,22,22
55,00,0,0,0,23,23
55,01,0,0,0,19,19
55,02,0,0,0,11,11
55,03,0,1,0,17,18
55,04,0,1,0,19,20
55,05,0,5,0,19,24
55,06,0,5,0,43,48
55,07,2,1,0,78,81
55,08,0,4,0,116,120
55,09,0,4,0,89,93
55,10,1,4,0,76,81
55,11,0,9,0,70,79
55,12,0,2,0,53,55
56,00,0,4,0,29,33
56,01,1,0,0,15,16
56,02,0,0,0,16,16
56,03,2,0,0,16,18
56,04,0,1,0,23,24
56,05,1,0,0,56,57
56,06,2,2,0,77,81
56,07,2,3,0,151,156
56,08,3,6,0,158,167
56,09,1,2,0,135,138
56,10,0,0,0,89,89
56,11,0,2,0,79,81
56,12,0,1,0,67,68
57,00,0,0,0,1,1
57,01,0,0,0,1,1
57,02,0,0,0,2,2
57,03,0,0,0,1,1
57,04,0,0,0,2,2
57,05,0,0,0,6,6
57,06,0,0,0,4,4
57,07,1,0,0,3,4
57,08,0,0,0,10,10
57,09,0,1,0,5,6
57,10,0,0,0,4,4
57,11,0,0,0,3,3
57,12,0,0,0,1,1
58,00,0,0,0,4,4
58,01,0,0,0,0,0
58,02,0,0,0,2,2
58,03,0,0,0,0,0
58,04,0,0,0,0,0
58,05,0,0,0,2,2
58,06,0,0,0,4,4
58,07,0,0,0,13,13
58,08,0,0,0,16,16
58,09,0,0,0,10,10
58,10,0,0,0,12,12
58,11,0,1,0,4,5
58,12,0,0,0,5,5
59,00,0,0,0,4,4
59,01,0,0,0,1,1
59,02,0,0,0,1,1
59,03,0,0,0,1,1
59,04,0,0,0,1,1
59,05,0,0,0,2,2
59,06,0,0,0,5,5
59,07,0,0,0,5,5
59,08,0,0,0,9,9
59,09,0,0,0,5,5
59,10,0,0,0,10,10
59,11,0,0,0,5,5
59,12,0,1,0,3,4
60,00,1,0,0,37,38
60,01,0,0,0,33,33
60,02,3,0,0,15,18
60,03,1,0,0,15,16
60,04,0,1,0,8,9
60,05,1,1,0,18,20
60,06,2,0,0,42,44
60,07,2,1,0,87,90
60,08,0,1,0,113,114
60,09,0,1,0,89,90
60,10,0,1,0,68,69
60,11,1,1,0,50,52
60,12,0,1,0,61,62
61,00,3,5,0,320,328
61,01,2,0,0,178,180
61,02,1,0,0,117,118
61,03,0,0,0,93,93
61,04,5,0,0,117,122
61,05,1,3,0,192,196
61,06,9,2,0,307,318
61,07,8,14,0,429,451
61,08,3,18,0,526,547
61,09,8,21,0,494,523
61,10,5,12,0,412,429
61,11,2,11,0,351,364
61,12,3,11,0,349,363
62,00,1,2,0,74,77
62,01,0,0,0,44,44
62,02,0,0,0,16,16
62,03,1,1,0,32,34
62,04,2,1,0,31,34
62,05,2,2,0,41,45
62,06,4,0,0,71,75
62,07,5,0,0,99,104
62,08,1,4,0,145,150
62,09,3,7,0,134,144
62,10,1,10,0,111,122
62,11,2,4,0,101,107
62,12,2,4,0,91,97
63,00,0,0,0,26,26
63,01,0,0,0,31,31
63,02,0,0,0,16,16
63,03,0,0,0,17,17
63,04,0,0,0,11,11
63,05,0,0,0,41,41
63,06,0,0,0,59,59
63,07,0,1,0,171,172
63,08,1,0,0,167,168
63,09,1,3,0,112,116
63,10,0,1,0,76,77
63,11,1,0,0,58,59
63,12,1,2,0,69,72
64,00,0,0,0,11,11
64,01,0,0,0,2,2
64,02,0,0,0,1,1
64,03,0,0,0,3,3
64,04,0,0,0,2,2
64,05,0,0,0,14,14
64,06,1,0,0,13,14
64,07,0,0,0,25,25
64,08,0,1,0,22,23
64,09,0,0,0,22,22
64,10,0,0,0,26,26
64,11,0,0,0,16,16
64,12,0,0,0,18,18
65,00,11,4,0,126,141
65,01,4,3,0,72,79
65,02,2,3,0,30,35
65,03,4,0,0,17,21
65,04,2,2,0,41,45
65,05,8,1,0,48,57
65,06,24,3,0,71,98
65,07,38,15,0,94,147
65,08,29,4,0,151,184
65,09,22,15,0,196,233
65,10,15,11,0,154,180
65,11,14,20,0,163,197
65,12,26,22,0,144,192
66,00,2,7,0,84,93
66,01,0,1,0,43,44
66,02,2,1,0,19,22
66,03,0,0,0,13,13
66,04,0,1,0,27,28
66,05,3,2,0,19,24
66,06,7,2,0,33,42
66,07,11,7,0,80,98
66,08,9,21,0,133,163
66,09,8,20,0,132,160
66,10,3,14,0,116,133
66,11,3,14,0,107,124
66,12,3,8,0,93,104
67,00,0,0,0,18,18
67,01,0,0,0,1,1
67,02,0,0,0,9,9
67,03,0,0,0,5,5
67,04,0,0,0,9,9
67,05,0,0,0,25,25
67,06,0,0,0,48,48
67,07,0,0,0,93,93
67,08,0,1,0,105,106
67,09,0,0,0,60,60
67,10,0,2,0,50,52
67,11,0,1,0,39,40
67,12,2,1,0,48,51
68,00,175,0,0,333,508
68,01,154,0,0,223,377
68,02,122,0,0,152,274
68,03,99,0,0,148,247
68,04,64,0,0,91,155
68,05,72,0,0,84,156
68,06,145,0,0,181,326
68,07,160,0,0,252,412
68,08,247,0,0,356,603
68,09,286,0,0,428,714
68,10,272,0,0,347,619
68,11,286,0,0,320,606
68,12,255,0,0,322,577
69,00,4,0,0,97,101
69,01,2,0,0,60,62
69,02,0,0,0,45,45
69,03,1,0,0,18,19
69,04,0,0,0,34,34
69,05,2,1,0,45,48
69,06,2,5,0,97,104
69,07,4,5,0,226,235
69,08,5,8,0,233,246
69,09,3,6,0,218,227
69,10,1,6,0,173,180
69,11,2,4,0,163,169
69,12,3,4,0,151,158
70,00,2,0,0,29,31
70,01,3,0,0,24,27
70,02,2,0,0,14,16
70,03,0,0,0,15,15
70,04,3,0,0,32,35
70,05,4,0,0,30,34
70,06,6,1,0,60,67
70,07,4,0,0,126,130
70,08,5,2,0,131,138
70,09,1,1,0,102,104
70,10,2,4,0,80,86
70,11,0,3,0,86,89
70,12,5,1,0,71,77
71,00,0,0,0,41,41
71,01,0,0,0,39,39
71,02,0,0,0,30,30
71,03,0,1,0,20,21
71,04,0,0,0,25,25
71,05,1,1,0,67,69
71,06,1,4,0,98,103
71,07,2,0,0,178,180
71,08,2,4,0,175,181
71,09,1,6,0,147,154
71,10,1,5,0,110,116
71,11,0,7,0,93,100
71,12,0,7,0,101,108
72,00,0,0,0,67,67
72,01,0,0,0,36,36
72,02,0,1,0,42,43
72,03,0,0,0,38,38
72,04,2,0,0,39,41
72,05,1,0,0,56,57
72,06,2,2,0,128,132
72,07,3,4,0,202,209
72,08,1,6,0,258,265
72,09,1,10,0,198,209
72,10,1,8,0,156,165
72,11,0,7,0,130,137
72,12,0,2,0,114,116
73,00,0,0,0,12,12
73,01,0,0,0,9,9
73,02,0,0,0,6,6
73,03,0,0,0,2,2
73,04,0,0,0,4,4
73,05,0,0,0,8,8
73,06,0,0,0,27,27
73,07,0,0,0,52,52
73,08,0,0,0,69,69
73,09,0,0,0,48,48
73,10,1,2,0,36,39
73,11,0,0,0,45,45
73,12,0,1,0,24,25
74,00,34,3,0,92,129
74,01,32,5,0,83,120
74,02,18,2,0,56,76
74,03,19,0,0,35,54
74,04,14,1,0,39,54
74,05,32,11,0,60,103
74,06,80,38,0,159,277
74,07,165,86,0,274,525
74,08,132,95,0,287,514
74,09,97,110,0,270,477
74,10,37,112,0,236,385
74,11,43,81,0,174,298
74,12,49,56,0,204,309
75,00,36,8,0,107,151
75,01,30,0,0,48,78
75,02,15,0,0,41,56
75,03,13,0,0,25,38
75,04,21,2,0,43,66
75,05,47,9,0,63,119
75,06,101,39,0,137,277
75,07,209,53,0,187,449
75,08,205,92,0,245,542
75,09,130,83,0,255,468
75,10,116,81,0,207,404
75,11,100,82,0,215,397
75,12,119,83,0,211,413
76,00,0,0,0,151,151
76,01,0,0,0,86,86
76,02,0,0,0,54,54
76,03,1,0,0,58,59
76,04,0,0,0,64,64
76,05,3,3,0,107,113
76,06,5,8,0,206,219
76,07,6,5,0,336,347
76,08,9,8,0,429,446
76,09,2,16,0,294,312
76,10,1,10,0,244,255
76,11,1,15,0,240,256
76,12,0,13,0,257,270
77,00,1,0,0,62,63
77,01,0,0,0,44,44
77,02,0,0,0,24,24
77,03,0,0,0,21,21
77,04,0,1,0,25,26
77,05,0,0,0,30,30
77,06,2,0,0,54,56
77,07,0,2,0,89,91
77,08,0,2,0,109,111
77,09,0,4,0,97,101
77,10,0,4,0,75,79
77,11,1,1,0,62,64
77,12,0,3,0,75,78
78,00,0,0,0,49,49
78,01,0,0,0,40,40
78,02,0,0,0,35,35
78,03,0,1,0,20,21
78,04,1,0,0,25,26
78,05,0,1,0,43,44
78,06,0,1,0,55,56
78,07,3,1,0,115,119
78,08,2,5,0,219,226
78,09,0,5,0,174,179
78,10,0,2,0,115,117
78,11,1,1,0,97,99
78,12,0,2,0,108,110
79,00,363,0,0,583,946
79,01,234,0,0,356,590
79,02,112,0,0,246,358
79,03,82,0,0,130,212
79,04,88,0,0,127,215
79,05,99,0,0,120,219
79,06,180,0,0,208,388
79,07,159,0,0,316,475
79,08,170,0,0,494,664
79,09,263,0,0,578,841
79,10,198,0,0,394,592
79,11,205,0,0,299,504
79,12,184,0,0,293,477
80,00,9,2,0,297,308
80,01,11,2,0,167,180
80,02,5,9,0,153,167
80,03,2,1,0,65,68
80,04,1,1,0,73,75
80,05,1,0,0,86,87
80,06,2,0,0,120,122
80,07,1,2,0,139,142
80,08,0,3,0,184,187
80,09,2,1,0,235,238
80,10,1,3,0,163,167
80,11,2,0,0,160,162
80,12,1,4,0,147,152
81,00,0,0,0,44,44
81,01,0,1,0,27,28
81,02,0,0,0,18,18
81,03,0,0,0,23,23
81,04,0,0,0,14,14
81,05,0,0,0,20,20
81,06,0,0,0,47,47
81,07,1,1,0,80,82
81,08,0,1,0,128,129
81,09,1,2,0,95,98
81,10,0,0,0,83,83
81,11,0,1,0,75,76
81,12,0,8,0,69,77
82,00,8,34,0,155,197
82,01,5,24,0,105,134
82,02,3,24,0,57,84
82,03,5,17,0,52,74
82,04,3,13,0,68,84
82,05,3,4,0,68,75
82,06,11,10,0,125,146
82,07,10,17,0,197,224
82,08,5,16,0,212,233
82,09,0,27,0,147,174
82,10,2,34,0,167,203
82,11,3,39,0,150,192
82,12,1,31,0,170,202
83,00,1,15,0,50,66
83,01,2,8,0,28,38
83,02,1,4,0,15,20
83,03,0,1,0,10,11
83,04,2,2,0,23,27
83,05,2,0,0,28,30
83,06,2,0,0,60,62
83,07,5,3,0,86,94
83,08,2,1,0,95,98
83,09,1,0,0,69,70
83,10,0,2,0,73,75
83,11,0,4,0,35,39
83,12,0,2,0,45,47
84,00,0,0,0,8,8
84,01,0,0,0,4,4
84,02,0,0,0,2,2
84,03,0,0,0,0,0
84,04,0,0,0,1,1
84,05,0,0,0,1,1
84,06,0,0,0,3,3
84,07,0,0,0,14,14
84,08,0,0,0,10,10
84,09,0,0,0,9,9
84,10,0,0,0,17,17
84,11,0,0,0,7,7
84,12,0,0,0,14,14
85,00,0,0,0,35,35
85,01,0,0,0,27,27
85,02,0,0,0,20,20
85,03,0,0,0,20,20
85,04,0,0,0,27,27
85,05,0,1,0,37,38
85,06,1,1,0,52,54
85,07,1,2,0,89,92
85,08,1,1,0,84,86
85,09,1,2,0,101,104
85,10,1,2,0,75,78
85,11,1,3,0,52,56
85,12,1,4,0,56,61
86,00,0,0,0,10,10
86,01,0,0,0,10,10
86,02,0,0,0,9,9
86,03,0,0,0,2,2
86,04,0,0,0,8,8
86,05,0,0,0,18,18
86,06,0,0,0,21,21
86,07,0,3,0,48,51
86,08,1,0,0,81,82
86,09,1,0,0,60,61
86,10,0,0,0,41,41
86,11,0,0,0,38,38
86,12,0,0,0,41,41
87,00,70,0,0,207,277
87,01,24,0,0,110,134
87,02,14,0,0,58,72
87,03,6,0,0,37,43
87,04,13,0,0,56,69
87,05,28,0,0,71,99
87,06,78,0,0,107,185
87,07,112,0,0,142,254
87,08,117,0,0,221,338
87,09,92,0,0,225,317
87,10,81,0,0,206,287
87,11,63,0,0,200,263
87,12,98,0,0,165,263
88,00,39,0,0,80,119
88,01,31,0,0,67,98
88,02,9,0,0,20,29
88,03,6,0,0,10,16
88,04,4,0,0,22,26
88,05,13,0,0,7,20
88,06,25,0,0,18,43
88,07,27,0,0,33,60
88,08,49,0,0,48,97
88,09,34,0,0,38,72
88,10,35,0,0,48,83
88,11,44,0,0,68,112
88,12,48,0,0,66,114
89,00,0,0,0,134,134
89,01,1,0,0,84,85
89,02,1,1,0,52,54
89,03,0,0,0,33,33
89,04,1,2,0,39,42
89,05,1,2,0,99,102
89,06,9,2,0,171,182
89,07,13,4,0,270,287
89,08,6,9,0,315,330
89,09,2,7,0,294,303
89,10,2,5,0,207,214
89,11,1,6,0,183,190
89,12,1,9,0,182,192
90,00,160,0,0,229,389
90,01,106,0,0,150,256
90,02,75,0,0,132,207
90,03,52,0,0,74,126
90,04,40,0,0,55,95
90,05,61,0,0,69,130
90,06,72,0,0,130,202
90,07,160,0,0,194,354
90,08,172,0,0,267,439
90,09,234,0,0,261,495
90,10,219,0,0,243,462
90,11,223,0,0,183,406
90,12,204,1,0,196,401
91,00,0,0,0,65,65
91,01,1,1,0,43,45
91,02,0,0,0,24,24
91,03,0,0,0,26,26
91,04,1,1,0,44,46
91,05,0,1,0,73,74
91,06,3,4,0,118,125
91,07,2,2,0,182,186
91,08,3,9,0,249,261
91,09,1,3,0,181,185
91,10,2,8,0,151,161
91,11,3,6,0,127,136
91,12,0,6,0,126,132
92,00,1,6,0,107,114
92,01,0,4,0,100,104
92,02,0,2,0,60,62
92,03,0,0,0,50,50
92,04,1,3,0,59,63
92,05,0,1,0,57,58
92,06,1,5,0,82,88
92,07,1,6,0,141,148
92,08,2,6,0,152,160
92,09,1,8,0,137,146
92,10,0,10,0,124,134
92,11,2,7,0,113,122
92,12,0,9,0,119,128
93,00,1,0,0,7,8
93,01,0,0,0,6,6
93,02,3,0,0,5,8
93,03,2,0,0,3,5
93,04,2,0,0,4,6
93,05,1,0,0,3,4
93,06,3,0,0,7,10
93,07,1,0,0,8,9
93,08,0,0,0,15,15
93,09,0,1,0,7,8
93,10,0,1,0,4,5
93,11,1,0,0,13,14
93,12,2,0,0,10,12
94,00,0,0,0,26,26
94,01,1,0,0,20,21
94,02,0,0,0,9,9
94,03,0,0,0,9,9
94,04,0,0,0,10,10
94,05,0,1,0,17,18
94,06,1,1,0,24,26
94,07,1,2,0,52,55
94,08,0,4,0,75,79
94,09,0,1,0,53,54
94,10,1,0,0,55,56
94,11,0,0,0,43,43
94,12,0,2,0,44,46
95,00,1,50,0,125,176
95,01,0,15,0,76,91
95,02,0,8,0,49,57
95,03,1,5,0,22,28
95,04,0,3,0,36,39
95,05,2,2,0,63,67
95,06,5,11,0,111,127
95,07,8,17,0,185,210
95,08,7,21,0,245,273
95,09,2,23,0,202,227
95,10,5,28,0,139,172
95,11,0,26,0,124,150
95,12,1,30,0,149,180
96,00,0,0,0,2,2
96,01,0,0,0,0,0
96,02,0,0,0,0,0
96,03,0,0,0,0,0
96,04,0,0,0,1,1
96,05,0,0,0,5,5
96,06,0,0,0,5,5
96,07,0,0,0,7,7
96,08,0,0,0,18,18
96,09,0,0,0,17,17
96,10,0,0,0,8,8
96,11,0,0,0,6,6
96,12,0,0,0,4,4
97,00,14,10,0,153,177
97,01,6,5,0,96,107
97,02,1,2,0,38,41
97,03,0,3,0,17,20
97,04,1,3,0,22,26
97,05,4,6,0,49,59
97,06,17,2,0,87,106
97,07,13,8,0,146,167
97,08,11,14,0,219,244
97,09,13,19,0,235,267
97,10,5,22,0,191,218
97,11,7,28,0,167,202
97,12,12,15,0,179,206
98,00,1,0,0,14,15
98,01,0,0,0,9,9
98,02,0,0,0,2,2
98,03,0,0,0,7,7
98,04,0,0,0,14,14
98,05,0,0,0,13,13
98,06,0,0,0,27,27
98,07,1,0,0,28,29
98,08,1,0,0,54,55
98,09,0,0,0,34,34
98,10,0,0,0,31,31
98,11,0,0,0,28,28
98,12,1,0,0,41,42
99,00,0,0,0,2,2
99,01,0,0,0,0,0
99,02,0,0,0,0,0
99,03,0,0,0,1,1
99,04,0,0,0,2,2
99,05,0,0,0,2,2
99,06,0,0,0,1,1
99,07,0,0,0,8,8
99,08,0,0,0,5,5
99,09,0,0,0,2,2
99,10,0,0,0,3,3
99,11,0,0,0,4,4
99,12,0,0,0,4,4
100,00,165,0,0,247,412
100,01,135,0,0,180,315
100,02,114,0,0,142,256
100,03,51,0,0,72,123
100,04,63,0,0,65,128
100,05,106,0,0,54,160
100,06,266,0,0,92,358
100,07,277,0,0,120,397
100,08,242,0,0,194,436
100,09,263,0,0,170,433
100,10,273,0,0,210,483
100,11,240,0,0,237,477
100,12,251,0,0,266,517
101,00,0,0,0,9,9
101,01,0,0,0,6,6
101,02,0,0,0,5,5
101,03,0,0,0,2,2
101,04,0,0,0,5,5
101,05,0,0,0,8,8
101,06,0,0,0,21,21
101,07,1,0,0,40,41
101,08,0,0,0,39,39
101,09,0,0,0,24,24
101,10,1,2,0,35,38
101,11,0,2,0,28,30
101,12,0,0,0,27,27
102,00,0,0,0,22,22
102,01,0,0,0,15,15
102,02,0,0,0,6,6
102,03,0,0,0,2,2
102,04,1,0,0,10,11
102,05,0,1,0,31,32
102,06,1,1,0,69,71
102,07,1,2,0,94,97
102,08,0,1,0,120,121
102,09,0,1,0,93,94
102,10,0,2,0,58,60
102,11,0,4,0,65,69
102,12,0,0,0,54,54
103,00,0,0,0,0,0
103,01,0,0,0,0,0
103,02,0,0,0,0,0
103,03,0,0,0,0,0
103,04,0,0,0,0,0
103,05,0,0,0,0,0
103,06,0,0,0,0,0
103,07,0,0,0,0,0
103,08,0,0,0,0,0
103,09,0,0,0,0,0
103,10,0,0,0,0,0
103,11,0,0,0,0,0
103,12,0,0,0,0,0
104,00,0,0,0,0,0
104,01,0,0,0,0,0
104,02,0,0,0,0,0
104,03,0,0,0,0,0
104,04,0,0,0,0,0
104,05,0,0,0,0,0
104,06,0,0,0,0,0
104,07,0,0,0,0,0
104,08,0,0,0,0,0
104,09,0,0,0,0,0
104,10,0,0,0,0,0
104,11,0,0,0,0,0
104,12,0,0,0,0,0
105,00,0,0,0,0,0
105,01,0,0,0,0,0
105,02,0,0,0,0,0
105,03,0,0,0,0,0
105,04,0,0,0,0,0
105,05,0,0,0,0,0
105,06,0,0,0,0,0
105,07,0,0,0,0,0
105,08,0,0,0,0,0
105,09,0,0,0,0,0
105,10,0,0,0,0,0
105,11,0,0,0,0,0
105,12,0,0,0,0,0
106,00,1,1,0,74,76
106,01,0,0,0,20,20
106,02,0,0,0,12,12
106,03,0,0,0,13,13
106,04,0,0,0,11,11
106,05,0,0,0,8,8
106,06,2,1,0,23,26
106,07,3,0,0,41,44
106,08,0,2,0,50,52
106,09,1,2,0,76,79
106,10,0,5,0,57,62
106,11,0,1,0,50,51
106,12,1,3,0,46,50
107,00,224,0,0,343,567
107,01,122,0,0,165,287
107,02,85,0,0,117,202
107,03,54,0,0,76,130
107,04,47,0,0,60,107
107,05,97,0,0,98,195
107,06,176,0,0,153,329
107,07,277,0,0,287,564
107,08,290,0,0,437,727
107,09,291,0,0,467,758
107,10,335,0,0,347,682
107,11,273,0,0,291,564
107,12,286,0,0,286,572
108,00,0,0,0,16,16
108,01,0,0,0,12,12
108,02,0,0,0,13,13
108,03,0,0,0,8,8
108,04,0,1,0,11,12
108,05,0,0,0,12,12
108,06,1,1,0,39,41
108,07,0,2,0,60,62
108,08,0,2,0,87,89
108,09,0,3,0,55,58
108,10,2,2,0,48,52
108,11,0,3,0,38,41
108,12,1,6,0,53,60
109,00,0,0,0,5,5
109,01,0,0,0,1,1
109,02,0,0,0,3,3
109,03,0,0,0,1,1
109,04,0,0,0,0,0
109,05,0,0,0,6,6
109,06,0,0,0,8,8
109,07,0,0,0,15,15
109,08,0,0,0,33,33
109,09,0,0,0,13,13
109,10,0,0,0,15,15
109,11,0,0,0,11,11
109,12,0,0,0,20,20
110,00,0,0,0,0,0
110,01,0,0,0,0,0
110,02,0,0,0,0,0
110,03,0,0,0,0,0
110,04,0,0,0,0,0
110,05,0,0,0,0,0
110,06,0,0,0,0,0
110,07,0,0,0,0,0
110,08,0,0,0,0,0
110,09,0,0,0,0,0
110,10,0,0,0,0,0
110,11,0,0,0,1,1
110,12,0,0,0,0,0
111,00,0,0,0,2,2
111,01,0,0,0,1,1
111,02,0,0,0,1,1
111,03,0,0,0,0,0
111,04,0,0,0,0,0
111,05,0,0,0,2,2
111,06,0,0,0,1,1
111,07,0,0,0,4,4
111,08,0,0,0,5,5
111,09,0,0,0,5,5
111,10,0,0,0,4,4
111,11,0,0,0,2,2
111,12,0,0,0,3,3
112,00,10,6,0,235,251
112,01,3,2,0,149,154
112,02,2,2,0,67,71
112,03,3,1,0,53,57
112,04,1,0,0,42,43
112,05,1,0,0,64,65
112,06,4,0,0,108,112
112,07,1,1,0,221,223
112,08,3,2,0,318,323
112,09,1,4,0,329,334
112,10,0,2,0,235,237
112,11,1,7,0,182,190
112,12,3,5,0,171,179
113,00,108,0,0,227,335
113,01,52,0,0,115,167
113,02,27,0,0,59,86
113,03,17,0,0,28,45
113,04,14,0,0,36,50
113,05,28,0,0,46,74
113,06,84,0,0,80,164
113,07,151,0,0,129,280
113,08,156,0,0,236,392
113,09,218,0,0,249,467
113,10,211,0,0,203,414
113,11,193,1,0,208,402
113,12,220,0,0,197,417
114,00,162,0,0,330,492
114,01,129,0,0,191,320
114,02,58,0,0,103,161
114,03,42,0,0,86,128
114,04,28,0,0,52,80
114,05,17,0,0,39,56
114,06,39,0,0,58,97
114,07,71,0,0,67,138
114,08,88,0,0,135,223
114,09,109,0,0,155,264
114,10,83,0,0,109,192
114,11,95,0,0,115,210
114,12,108,0,0,140,248
115,00,0,0,0,3,3
115,01,0,0,0,8,8
115,02,0,0,0,5,5
115,03,0,0,0,3,3
115,04,0,0,0,3,3
115,05,0,0,0,9,9
115,06,0,1,0,18,19
115,07,0,0,0,24,24
115,08,0,0,0,37,37
115,09,0,0,0,24,24
115,10,0,0,0,20,20
115,11,0,0,0,15,15
115,12,0,0,0,16,16
116,00,10,1,0,70,81
116,01,13,1,0,72,86
116,02,13,0,0,62,75
116,03,3,2,0,50,55
116,04,5,1,0,33,39
116,05,8,5,0,43,56
116,06,29,9,0,70,108
116,07,45,19,0,137,201
116,08,54,27,0,184,265
116,09,26,32,0,187,245
116,10,16,28,0,152,196
116,11,7,16,0,99,122
116,12,8,12,0,118,138
117,00,0,0,0,12,12
117,01,0,0,0,8,8
117,02,0,0,0,6,6
117,03,0,0,0,7,7
117,04,0,0,0,10,10
117,05,0,0,0,12,12
117,06,0,0,0,29,29
117,07,0,0,0,34,34
117,08,0,2,0,57,59
117,09,0,0,0,35,35
117,10,0,2,0,26,28
117,11,0,0,0,24,24
117,12,0,0,0,24,24
118,00,0,0,0,6,6
118,01,0,0,0,4,4
118,02,0,0,0,0,0
118,03,0,0,0,1,1
118,04,0,0,0,4,4
118,05,0,0,0,3,3
118,06,0,0,0,19,19
118,07,0,0,0,23,23
118,08,0,1,0,36,37
118,09,0,0,0,23,23
118,10,0,0,0,27,27
118,11,0,0,0,23,23
118,12,0,0,0,35,35
119,00,1,0,0,51,52
119,01,1,0,0,25,26
119,02,0,0,0,25,25
119,03,0,0,0,18,18
119,04,0,0,0,34,34
119,05,3,0,0,35,38
119,06,2,0,0,69,71
119,07,5,6,0,131,142
119,08,1,3,0,182,186
119,09,0,3,0,172,175
119,10,0,4,0,138,142
119,11,0,1,0,118,119
119,12,0,2,0,104,106
120,00,2,0,0,4,6
120,01,0,0,0,8,8
120,02,0,0,0,1,1
120,03,0,0,0,3,3
120,04,0,0,0,3,3
120,05,0,0,0,6,6
120,06,0,0,0,9,9
120,07,0,1,0,20,21
120,08,0,0,0,23,23
120,09,0,0,0,15,15
120,10,0,0,0,12,12
120,11,0,0,0,10,10
120,12,0,0,0,15,15
121,00,0,1,0,30,31
121,01,0,0,0,13,13
121,02,0,0,0,8,8
121,03,0,0,0,10,10
121,04,0,0,0,17,17
121,05,0,1,0,32,33
121,06,0,1,0,53,54
121,07,1,0,0,88,89
121,08,2,4,0,109,115
121,09,1,2,0,85,88
121,10,0,1,0,76,77
121,11,0,4,0,81,85
121,12,2,5,0,91,98
122,00,0,0,0,8,8
122,01,0,0,0,5,5
122,02,0,0,0,5,5
122,03,0,0,0,7,7
122,04,0,1,0,5,6
122,05,0,0,0,13,13
122,06,1,1,0,29,31
122,07,1,2,0,51,54
122,08,0,2,0,57,59
122,09,0,1,0,33,34
122,10,0,3,0,40,43
122,11,0,1,0,29,30
122,12,0,0,0,34,34
123,00,0,1,0,88,89
123,01,0,0,0,46,46
123,02,0,0,0,29,29
123,03,0,0,0,7,7
123,04,0,0,0,9,9
123,05,0,0,0,16,16
123,06,0,1,0,41,42
123,07,1,2,0,135,138
123,08,0,4,0,193,197
123,09,2,4,0,136,142
123,10,0,7,0,101,108
123,11,1,3,0,77,81
123,12,1,5,0,85,91
124,00,0,1,0,26,27
124,01,1,0,0,10,11
124,02,0,0,0,12,12
124,03,0,0,0,15,15
124,04,0,0,0,9,9
124,05,0,0,0,19,19
124,06,2,1,0,31,34
124,07,2,1,0,41,44
124,08,0,0,0,68,68
124,09,2,0,0,38,40
124,10,1,1,0,33,35
124,11,1,2,0,30,33
124,12,0,0,0,32,32
125,00,51,0,0,101,152
125,01,30,0,0,72,102
125,02,17,0,0,52,69
125,03,42,0,0,32,74
125,04,20,0,0,22,42
125,05,13,0,0,20,33
125,06,33,1,0,39,73
125,07,65,0,0,80,145
125,08,81,0,0,100,181
125,09,80,0,0,106,186
125,10,80,0,0,114,194
125,11,80,0,0,106,186
125,12,77,0,0,158,235
126,00,1,0,0,76,77
126,01,1,0,0,63,64
126,02,1,0,0,30,31
126,03,0,0,0,20,20
126,04,0,0,0,20,20
126,05,0,0,0,20,20
126,06,0,0,0,40,40
126,07,0,2,0,64,66
126,08,1,1,0,93,95
126,09,2,4,0,135,141
126,10,1,2,0,60,63
126,11,0,1,0,69,70
126,12,0,2,0,57,59
127,00,4,0,0,69,73
127,01,2,0,0,63,65
127,02,1,0,0,34,35
127,03,0,0,0,15,15
127,04,0,0,0,18,18
127,05,1,2,0,28,31
127,06,1,1,0,38,40
127,07,4,4,0,74,82
127,08,4,3,0,98,105
127,09,0,2,0,80,82
127,10,2,6,0,65,73
127,11,0,4,0,65,69
127,12,0,0,0,65,65
128,00,1,0,0,3,4
128,01,0,0,0,7,7
128,02,0,0,0,5,5
128,03,0,0,0,2,2
128,04,0,0,0,0,0
128,05,0,0,0,2,2
128,06,1,0,0,3,4
128,07,0,0,0,3,3
128,08,0,0,0,10,10
128,09,0,0,0,7,7
128,10,0,0,0,9,9
128,11,0,1,0,9,10
128,12,1,0,0,11,12
129,00,6,24,0,151,181
129,01,4,19,0,91,114
129,02,3,15,0,78,96
129,03,8,9,0,59,76
129,04,3,21,0,81,105
129,05,14,7,0,117,138
129,06,15,5,0,191,211
129,07,21,14,0,362,397
129,08,11,11,0,380,402
129,09,6,22,0,260,288
129,10,3,15,0,212,230
129,11,2,17,0,191,210
129,12,4,14,0,167,185
130,00,0,19,0,126,145
130,01,0,7,0,112,119
130,02,1,6,0,84,91
130,03,0,0,0,51,51
130,04,1,2,0,38,41
130,05,0,1,0,54,55
130,06,3,7,0,76,86
130,07,2,10,0,166,178
130,08,9,14,0,194,217
130,09,7,16,0,147,170
130,10,0,16,0,147,163
130,11,1,12,0,141,154
130,12,2,12,0,158,172
131,00,0,0,0,28,28
131,01,0,0,0,19,19
131,02,0,0,0,9,9
131,03,0,0,0,6,6
131,04,0,0,0,7,7
131,05,1,0,0,11,12
131,06,1,2,0,31,34
131,07,1,0,0,60,61
131,08,0,0,0,92,92
131,09,3,1,0,44,48
131,10,0,1,0,49,50
131,11,0,2,0,44,46
131,12,0,2,0,48,50
132,00,380,0,0,863,1243
132,01,511,0,0,1129,1640
132,02,551,0,0,1140,1691
132,03,412,0,0,714,1126
132,04,277,0,0,653,930
132,05,169,0,0,259,428
132,06,169,0,0,375,544
132,07,256,1,0,466,723
132,08,277,0,0,561,838
132,09,253,1,0,439,693
132,10,181,0,0,295,476
132,11,206,0,0,305,511
132,12,226,0,0,375,601
133,00,0,0,0,31,31
133,01,0,0,0,23,23
133,02,0,0,0,11,11
133,03,0,0,0,10,10
133,04,0,0,0,9,9
133,05,0,0,0,19,19
133,06,0,1,0,40,41
133,07,1,0,0,105,106
133,08,1,3,0,125,129
133,09,0,0,0,95,95
133,10,3,3,0,62,68
133,11,0,2,0,67,69
133,12,0,2,0,46,48
134,00,0,10,0,21,31
134,01,1,2,0,17,20
134,02,0,2,0,20,22
134,03,0,0,0,11,11
134,04,1,1,0,20,22
134,05,1,0,0,36,37
134,06,2,0,0,61,63
134,07,5,3,0,75,83
134,08,0,4,0,92,96
134,09,1,5,0,68,74
134,10,1,6,0,51,58
134,11,1,6,0,63,70
134,12,0,6,0,46,52
135,00,0,1,0,23,24
135,01,0,1,0,20,21
135,02,0,0,0,6,6
135,03,0,0,0,11,11
135,04,0,0,0,13,13
135,05,1,0,0,20,21
135,06,0,0,0,59,59
135,07,3,1,0,98,102
135,08,0,0,0,114,114
135,09,2,2,0,106,110
135,10,0,4,0,68,72
135,11,1,1,0,66,68
135,12,0,1,0,68,69
136,00,2,1,0,63,66
136,01,3,0,0,41,44
136,02,0,0,0,14,14
136,03,0,0,0,17,17
136,04,0,1,0,9,10
136,05,1,0,0,29,30
136,06,0,0,0,36,36
136,07,2,3,0,84,89
136,08,1,2,0,101,104
136,09,0,6,0,89,95
136,10,0,0,0,59,59
136,11,1,8,0,68,77
136,12,0,2,0,66,68
137,00,117,0,0,183,300
137,01,54,0,0,118,172
137,02,34,0,0,85,119
137,03,24,0,0,38,62
137,04,30,0,0,43,73
137,05,55,0,0,74,129
137,06,141,0,0,136,277
137,07,200,0,0,250,450
137,08,209,0,0,385,594
137,09,195,0,0,390,585
137,10,196,0,0,236,432
137,11,148,0,0,179,327
137,12,184,0,0,181,365
138,00,304,0,0,1254,1558
138,01,437,0,0,712,1149
138,02,180,0,0,216,396
138,03,36,0,0,68,104
138,04,17,0,0,39,56
138,05,24,0,0,42,66
138,06,37,0,0,35,72
138,07,125,0,0,127,252
138,08,253,0,0,367,620
138,09,348,2,0,494,844
138,10,495,0,0,514,1009
138,11,417,0,0,759,1176
138,12,443,0,0,679,1122
139,00,0,1,0,20,21
139,01,0,0,0,13,13
139,02,0,0,0,10,10
139,03,0,0,0,11,11
139,04,0,0,0,13,13
139,05,2,0,0,19,21
139,06,2,1,0,42,45
139,07,0,0,0,70,70
139,08,0,1,0,73,74
139,09,2,1,0,52,55
139,10,2,2,0,46,50
139,11,0,0,0,42,42
139,12,0,0,0,33,33
140,00,69,0,0,145,214
140,01,31,1,0,60,92
140,02,15,0,0,21,36
140,03,15,0,0,27,42
140,04,17,0,0,33,50
140,05,65,0,0,47,112
140,06,195,0,0,122,317
140,07,385,0,0,273,658
140,08,450,0,0,398,848
140,09,400,0,0,349,749
140,10,369,0,0,268,637
140,11,319,0,0,241,560
140,12,293,0,0,252,545
141,00,120,0,0,88,208
141,01,46,0,0,69,115
141,02,47,0,0,42,89
141,03,50,0,0,32,82
141,04,64,0,0,52,116
141,05,71,0,0,67,138
141,06,307,0,0,156,463
141,07,482,0,0,355,837
141,08,489,0,0,416,905
141,09,374,0,0,381,755
141,10,394,0,0,281,675
141,11,342,0,0,210,552
141,12,360,0,0,216,576
142,00,209,0,0,148,357
142,01,91,0,0,107,198
142,02,22,0,0,38,60
142,03,19,0,0,33,52
142,04,29,0,0,30,59
142,05,54,0,0,68,122
142,06,145,0,0,109,254
142,07,293,0,0,243,536
142,08,414,0,0,336,750
142,09,373,0,0,244,617
142,10,380,0,0,243,623
142,11,380,0,0,243,623
142,12,404,0,0,226,630
143,00,21,0,0,56,77
143,01,12,0,0,39,51
143,02,8,0,0,20,28
143,03,3,0,0,18,21
143,04,11,0,0,23,34
143,05,35,0,0,39,74
143,06,98,0,0,118,216
143,07,193,0,0,286,479
143,08,241,0,0,448,689
143,09,214,0,0,331,545
143,10,221,0,0,271,492
143,11,197,0,0,195,392
143,12,216,0,0,208,424
144,00,120,0,0,271,391
144,01,92,0,0,191,283
144,02,79,0,0,143,222
144,03,54,0,0,71,125
144,04,23,0,0,54,77
144,05,12,0,0,36,48
144,06,35,0,0,81,116
144,07,53,0,0,93,146
144,08,69,0,0,178,247
144,09,64,0,0,224,288
144,10,62,0,0,184,246
144,11,77,0,0,217,294
144,12,68,0,0,222,290
145,00,8,5,0,146,159
145,01,10,5,0,95,110
145,02,7,1,0,58,66
145,03,4,0,0,38,42
145,04,5,3,0,38,46
145,05,4,5,0,69,78
145,06,14,9,0,119,142
145,07,6,12,0,175,193
145,08,17,16,0,209,242
145,09,15,35,0,215,265
145,10,5,12,0,136,153
145,11,3,12,0,168,183
145,12,11,8,0,160,179
146,00,15,3,0,63,81
146,01,7,2,0,40,49
146,02,9,1,0,15,25
146,03,2,1,0,12,15
146,04,3,0,0,40,43
146,05,12,1,0,35,48
146,06,11,0,0,69,80
146,07,12,2,0,80,94
146,08,10,4,0,114,128
146,09,9,5,0,95,109
146,10,8,5,0,85,98
146,11,9,0,0,81,90
146,12,2,1,0,87,90
147,00,0,0,0,37,37
147,01,0,0,0,23,23
147,02,0,1,0,11,12
147,03,0,0,0,6,6
147,04,0,0,0,14,14
147,05,0,0,0,21,21
147,06,0,2,0,42,44
147,07,2,1,0,98,101
147,08,0,2,0,107,109
147,09,0,1,0,100,101
147,10,0,2,0,64,66
147,11,0,0,0,54,54
147,12,0,0,0,53,53
148,00,258,0,0,443,701
148,01,170,0,0,368,538
148,02,149,0,0,273,422
148,03,77,0,0,163,240
148,04,76,0,0,122,198
148,05,26,0,0,81,107
148,06,50,0,0,95,145
148,07,74,0,0,129,203
148,08,69,0,0,240,309
148,09,70,0,0,294,364
148,10,38,0,0,244,282
148,11,50,0,0,221,271
148,12,55,0,0,183,238
149,00,0,0,0,25,25
149,01,0,0,0,25,25
149,02,0,0,0,12,12
149,03,0,1,0,7,8
149,04,0,0,0,9,9
149,05,0,0,0,11,11
149,06,0,1,0,38,39
149,07,1,0,0,97,98
149,08,2,2,0,115,119
149,09,1,2,0,89,92
149,10,1,3,0,76,80
149,11,0,3,0,66,69
149,12,2,3,0,97,102
150,00,0,1,0,18,19
150,01,0,0,0,13,13
150,02,0,0,0,1,1
150,03,0,0,0,6,6
150,04,0,0,0,5,5
150,05,1,0,0,3,4
150,06,1,1,0,16,18
150,07,0,1,0,47,48
150,08,0,0,0,69,69
150,09,0,2,0,51,53
150,10,0,1,0,28,29
150,11,1,0,0,32,33
150,12,0,0,0,36,36
151,00,29,0,0,46,75
151,01,14,0,0,30,44
151,02,10,0,0,25,35
151,03,7,0,0,18,25
151,04,11,0,0,29,40
151,05,31,0,0,40,71
151,06,85,0,0,61,146
151,07,130,0,0,169,299
151,08,182,0,0,203,385
151,09,175,0,0,156,331
151,10,130,0,0,147,277
151,11,141,0,0,111,252
151,12,167,0,0,113,280
152,00,11,0,0,47,58
152,01,8,0,0,35,43
152,02,6,1,0,21,28
152,03,2,0,0,23,25
152,04,4,1,0,12,17
152,05,5,3,0,19,27
152,06,19,3,0,24,46
152,07,32,10,0,58,100
152,08,23,9,0,107,139
152,09,12,6,0,80,98
152,10,11,13,0,74,98
152,11,8,10,0,70,88
152,12,8,9,0,64,81
153,00,1,0,0,12,13
153,01,0,0,0,8,8
153,02,0,0,0,2,2
153,03,1,0,0,4,5
153,04,0,0,0,4,4
153,05,0,0,0,3,3
153,06,0,0,0,8,8
153,07,0,0,0,12,12
153,08,1,0,0,27,28
153,09,0,0,0,16,16
153,10,0,0,0,23,23
153,11,0,2,0,12,14
153,12,0,0,0,19,19
154,00,0,0,0,2,2
154,01,0,0,0,0,0
154,02,0,0,0,0,0
154,03,0,0,0,0,0
154,04,0,0,0,1,1
154,05,0,0,0,0,0
154,06,0,0,0,5,5
154,07,0,0,0,3,3
154,08,0,0,0,4,4
154,09,1,0,0,4,5
154,10,0,0,0,2,2
154,11,1,1,0,10,12
154,12,0,0,0,3,3
155,00,1,0,0,22,23
155,01,0,0,0,17,17
155,02,1,0,0,11,12
155,03,1,0,0,2,3
155,04,0,0,0,18,18
155,05,0,1,0,35,36
155,06,4,0,0,53,57
155,07,2,3,0,123,128
155,08,1,6,0,145,152
155,09,0,4,0,108,112
155,10,0,1,0,71,72
155,11,1,3,0,67,71
155,12,0,2,0,87,89
156,00,0,0,0,11,11
156,01,0,0,0,8,8
156,02,0,0,0,4,4
156,03,0,0,0,10,10
156,04,0,0,0,10,10
156,05,0,0,0,16,16
156,06,0,0,0,24,24
156,07,0,0,0,46,46
156,08,1,0,0,48,49
156,09,0,0,0,36,36
156,10,0,0,0,43,43
156,11,0,0,0,37,37
156,12,0,0,0,21,21
157,00,0,0,0,42,42
157,01,1,0,0,19,20
157,02,1,0,0,16,17
157,03,1,0,0,18,19
157,04,1,0,0,10,11
157,05,0,0,0,28,28
157,06,1,0,0,74,75
157,07,1,0,0,118,119
157,08,0,1,0,140,141
157,09,0,0,0,91,91
157,10,2,1,0,78,81
157,11,0,1,0,64,65
157,12,1,0,0,75,76
158,00,60,0,0,197,257
158,01,80,0,0,166,246
158,02,49,0,0,117,166
158,03,27,0,0,41,68
158,04,13,0,0,27,40
158,05,13,0,0,46,59
158,06,51,0,0,96,147
158,07,102,0,0,184,286
158,08,148,0,0,281,429
158,09,131,0,0,249,380
158,10,75,0,0,177,252
158,11,103,0,0,155,258
158,12,106,0,0,182,288
159,00,0,1,0,71,72
159,01,0,0,0,42,42
159,02,0,1,0,24,25
159,03,1,0,0,19,20
159,04,2,0,0,22,24
159,05,1,0,0,31,32
159,06,1,1,0,63,65
159,07,5,1,0,141,147
159,08,2,16,0,225,243
159,09,1,7,0,151,159
159,10,1,10,0,151,162
159,11,0,3,0,153,156
159,12,1,5,0,144,150
160,00,0,0,0,25,25
160,01,0,0,0,16,16
160,02,0,0,0,16,16
160,03,0,0,0,7,7
160,04,1,0,0,11,12
160,05,0,0,0,38,38
160,06,0,1,0,50,51
160,07,2,0,0,101,103
160,08,0,1,0,102,103
160,09,0,0,0,77,77
160,10,0,0,0,58,58
160,11,0,2,0,46,48
160,12,0,0,0,51,51
161,00,355,0,0,639,994
161,01,202,0,0,391,593
161,02,86,0,0,182,268
161,03,52,0,0,87,139
161,04,36,0,0,79,115
161,05,97,0,0,87,184
161,06,228,0,0,96,324
161,07,375,0,0,119,494
161,08,355,0,0,186,541
161,09,366,0,0,249,615
161,10,503,0,0,308,811
161,11,587,1,0,386,974
161,12,713,0,0,487,1200
162,00,280,0,0,271,551
162,01,163,0,0,157,320
162,02,67,0,0,81,148
162,03,37,0,0,57,94
162,04,49,0,0,40,89
162,05,109,0,0,55,164
162,06,295,0,0,116,411
162,07,431,0,0,178,609
162,08,436,0,0,210,646
162,09,470,0,0,253,723
162,10,435,0,0,235,670
162,11,490,0,0,321,811
162,12,511,0,0,359,870
163,00,211,1,0,237,449
163,01,135,0,0,176,311
163,02,90,0,0,107,197
163,03,66,0,0,64,130
163,04,59,0,0,60,119
163,05,74,0,0,67,141
163,06,136,0,0,94,230
163,07,248,0,0,175,423
163,08,274,0,0,191,465
163,09,281,0,0,197,478
163,10,319,0,0,194,513
163,11,348,0,0,241,589
163,12,388,0,0,257,645
164,00,260,0,0,369,629
164,01,173,0,0,258,431
164,02,119,0,0,195,314
164,03,69,0,0,97,166
164,04,62,0,0,74,136
164,05,71,0,0,107,178
164,06,146,0,0,174,320
164,07,217,0,0,242,459
164,08,279,0,0,335,614
164,09,261,0,0,338,599
164,10,300,1,0,305,606
164,11,270,1,0,332,603
164,12,320,0,0,297,617
165,00,0,0,0,42,42
165,01,0,0,0,22,22
165,02,1,0,0,11,12
165,03,0,0,0,13,13
165,04,0,0,0,13,13
165,05,0,0,0,22,22
165,06,3,1,0,53,57
165,07,0,2,0,163,165
165,08,3,6,0,183,192
165,09,0,6,0,158,164
165,10,0,9,0,92,101
165,11,1,1,0,94,96
165,12,1,4,0,99,104
166,00,51,0,0,146,197
166,01,30,0,0,90,120
166,02,15,1,0,72,88
166,03,6,0,0,30,36
166,04,6,1,0,35,42
166,05,26,2,0,46,74
166,06,47,15,0,64,126
166,07,120,29,0,109,258
166,08,151,73,0,171,395
166,09,95,62,0,154,311
166,10,87,39,0,158,284
166,11,80,43,0,182,305
166,12,94,42,0,166,302
167,00,0,1,0,53,54
167,01,0,1,0,30,31
167,02,0,0,0,29,29
167,03,2,0,0,22,24
167,04,0,1,0,22,23
167,05,0,0,0,34,34
167,06,0,1,0,89,90
167,07,2,3,0,160,165
167,08,0,4,0,216,220
167,09,0,2,0,153,155
167,10,0,3,0,107,110
167,11,1,4,0,112,117
167,12,1,1,0,101,103
168,00,1,1,0,75,77
168,01,0,1,0,67,68
168,02,2,0,0,32,34
168,03,2,0,0,34,36
168,04,0,0,0,41,41
168,05,0,1,0,38,39
168,06,5,0,0,88,93
168,07,6,3,0,163,172
168,08,4,5,0,235,244
168,09,0,6,0,222,228
168,10,4,3,0,150,157
168,11,1,6,0,131,138
168,12,3,4,0,125,132
169,00,1,0,0,76,77
169,01,2,1,0,68,71
169,02,0,0,0,40,40
169,03,0,0,0,17,17
169,04,1,0,0,26,27
169,05,0,1,0,42,43
169,06,2,1,0,75,78
169,07,4,1,0,121,126
169,08,3,4,0,202,209
169,09,0,2,0,172,174
169,10,0,3,0,154,157
169,11,0,4,0,161,165
169,12,0,3,0,118,121
170,00,197,0,0,256,453
170,01,134,0,0,159,293
170,02,68,0,0,84,152
170,03,42,0,0,66,108
170,04,57,0,0,62,119
170,05,90,0,0,76,166
170,06,324,0,0,160,484
170,07,493,1,0,291,785
170,08,498,0,0,451,949
170,09,411,0,0,412,823
170,10,437,0,0,356,793
170,11,412,0,0,328,740
170,12,415,0,0,301,716
171,00,0,0,0,31,31
171,01,0,0,0,19,19
171,02,0,0,0,21,21
171,03,0,0,0,21,21
171,04,0,0,0,20,20
171,05,0,0,0,15,15
171,06,0,0,0,37,37
171,07,0,0,0,83,83
171,08,0,1,0,92,93
171,09,0,1,0,77,78
171,10,0,2,0,54,56
171,11,1,1,0,48,50
171,12,0,2,0,44,46
172,00,0,0,0,7,7
172,01,0,0,0,4,4
172,02,0,0,0,4,4
172,03,0,0,0,0,0
172,04,0,0,0,1,1
172,05,0,0,0,1,1
172,06,0,0,0,3,3
172,07,0,0,0,10,10
172,08,0,0,0,25,25
172,09,1,0,0,23,24
172,10,0,0,0,15,15
172,11,0,0,0,11,11
172,12,0,0,0,10,10
173,00,1,5,0,32,38
173,01,0,0,0,19,19
173,02,0,3,0,25,28
173,03,0,0,0,15,15
173,04,0,4,0,39,43
173,05,1,0,0,30,31
173,06,2,1,0,47,50
173,07,1,1,0,90,92
173,08,1,3,0,106,110
173,09,0,3,0,84,87
173,10,0,2,0,61,63
173,11,0,1,0,53,54
173,12,0,4,0,46,50
174,00,0,0,0,23,23
174,01,0,0,0,25,25
174,02,0,0,0,19,19
174,03,0,0,0,13,13
174,04,0,0,0,25,25
174,05,1,0,0,28,29
174,06,0,3,0,63,66
174,07,1,3,0,103,107
174,08,2,3,0,169,174
174,09,1,2,0,139,142
174,10,1,6,0,141,148
174,11,2,6,0,115,123
174,12,0,8,0,119,127
175,00,0,0,0,3,3
175,01,0,0,0,5,5
175,02,0,0,0,6,6
175,03,0,0,0,2,2
175,04,0,0,0,7,7
175,05,0,0,0,7,7
175,06,1,0,0,13,14
175,07,1,0,0,39,40
175,08,0,1,0,48,49
175,09,0,1,0,38,39
175,10,0,2,0,29,31
175,11,0,1,0,29,30
175,12,0,0,0,45,45
176,00,0,0,0,2,2
176,01,0,0,0,1,1
176,02,0,0,0,0,0
176,03,0,0,0,3,3
176,04,0,0,0,3,3
176,05,0,0,0,3,3
176,06,0,0,0,6,6
176,07,0,0,0,10,10
176,08,0,0,0,18,18
176,09,0,0,0,10,10
176,10,0,0,0,9,9
176,11,0,0,0,4,4
176,12,0,0,0,6,6
177,00,0,1,0,99,100
177,01,0,0,0,107,107
177,02,0,0,0,36,36
177,03,0,0,0,30,30
177,04,1,0,0,36,37
177,05,0,0,0,47,47
177,06,0,0,0,107,107
177,07,0,4,0,185,189
177,08,2,4,0,197,203
177,09,3,6,0,122,131
177,10,1,1,0,126,128
177,11,0,1,0,110,111
177,12,0,2,0,92,94
178,00,0,0,0,18,18
178,01,0,0,0,7,7
178,02,1,1,0,4,6
178,03,0,0,0,4,4
178,04,0,0,0,6,6
178,05,0,0,0,11,11
178,06,0,0,0,21,21
178,07,0,0,0,72,72
178,08,0,1,0,84,85
178,09,0,1,0,55,56
178,10,0,1,0,30,31
178,11,0,1,0,31,32
178,12,2,0,0,37,39
179,00,4,11,0,45,60
179,01,4,2,0,22,28
179,02,4,6,0,19,29
179,03,2,2,0,13,17
179,04,3,2,0,30,35
179,05,9,1,0,59,69
179,06,20,1,0,78,99
179,07,32,3,0,132,167
179,08,15,6,0,145,166
179,09,10,6,0,125,141
179,10,7,1,0,117,125
179,11,10,3,0,105,118
179,12,4,5,0,95,104
180,00,0,0,0,25,25
180,01,0,0,0,21,21
180,02,0,0,0,11,11
180,03,0,0,0,12,12
180,04,0,0,0,6,6
180,05,0,1,0,11,12
180,06,1,0,0,41,42
180,07,2,1,0,48,51
180,08,1,0,0,84,85
180,09,0,0,0,51,51
180,10,0,0,0,28,28
180,11,0,0,0,34,34
180,12,0,0,0,35,35
181,00,23,15,0,227,265
181,01,8,8,0,107,123
181,02,5,2,0,61,68
181,03,1,0,0,29,30
181,04,6,0,0,51,57
181,05,7,1,0,101,109
181,06,8,6,0,165,179
181,07,18,14,0,288,320
181,08,7,17,0,369,393
181,09,6,22,0,386,414
181,10,3,17,0,240,260
181,11,9,16,0,240,265
181,12,4,14,0,245,263
182,00,0,0,0,46,46
182,01,0,0,0,20,20
182,02,0,0,0,15,15
182,03,0,0,0,13,13
182,04,0,0,0,13,13
182,05,1,0,0,25,26
182,06,4,1,0,55,60
182,07,1,6,0,98,105
182,08,4,9,0,139,152
182,09,1,6,0,137,144
182,10,1,4,0,77,82
182,11,0,6,0,66,72
182,12,1,2,0,57,60
183,00,0,0,0,22,22
183,01,0,0,0,15,15
183,02,0,0,0,13,13
183,03,0,0,0,3,3
183,04,2,0,0,8,10
183,05,0,0,0,10,10
183,06,0,0,0,22,22
183,07,1,0,0,39,40
183,08,0,0,0,52,52
183,09,0,3,0,66,69
183,10,0,1,0,29,30
183,11,0,2,0,20,22
183,12,0,3,0,25,28
184,00,0,0,0,22,22
184,01,0,0,0,18,18
184,02,0,0,0,3,3
184,03,0,0,0,0,0
184,04,0,0,0,4,4
184,05,0,0,0,2,2
184,06,0,0,0,3,3
184,07,0,0,0,1,1
184,08,1,0,0,4,5
184,09,0,1,0,12,13
184,10,0,1,0,7,8
184,11,0,0,0,8,8
184,12,0,0,0,6,6
185,00,0,0,0,48,48
185,01,3,0,0,43,46
185,02,0,0,0,26,26
185,03,0,0,0,15,15
185,04,1,0,0,12,13
185,05,0,0,0,29,29
185,06,1,0,0,67,68
185,07,0,1,0,106,107
185,08,0,2,0,126,128
185,09,1,3,0,120,124
185,10,1,3,0,94,98
185,11,1,2,0,75,78
185,12,0,1,0,86,87
186,00,297,0,0,250,547
186,01,154,0,0,133,287
186,02,133,0,0,98,231
186,03,76,0,0,51,127
186,04,106,0,0,60,166
186,05,175,0,0,86,261
186,06,362,0,0,108,470
186,07,394,0,0,165,559
186,08,356,0,0,232,588
186,09,485,0,0,254,739
186,10,476,0,0,237,713
186,11,454,0,0,228,682
186,12,477,0,0,204,681
187,00,0,0,0,6,6
187,01,0,0,0,4,4
187,02,0,0,0,3,3
187,03,0,0,0,3,3
187,04,0,0,0,5,5
187,05,0,0,0,7,7
187,06,0,0,0,18,18
187,07,1,0,0,21,22
187,08,0,0,0,29,29
187,09,0,0,0,23,23
187,10,0,0,0,14,14
187,11,0,0,0,19,19
187,12,0,0,0,18,18
188,00,2,0,0,152,154
188,01,1,1,0,72,74
188,02,1,0,0,63,64
188,03,1,0,0,39,40
188,04,0,1,0,49,50
188,05,1,0,0,97,98
188,06,4,3,0,151,158
188,07,9,8,0,237,254
188,08,2,8,0,305,315
188,09,0,14,0,259,273
188,10,2,6,0,238,246
188,11,1,3,0,189,193
188,12,3,7,0,187,197
189,00,6,1,0,73,80
189,01,2,0,0,34,36
189,02,1,1,0,17,19
189,03,1,0,0,21,22
189,04,0,1,0,23,24
189,05,0,0,0,40,40
189,06,7,0,0,78,85
189,07,3,2,0,87,92
189,08,1,2,0,133,136
189,09,2,3,0,118,123
189,10,2,6,0,90,98
189,11,1,3,0,94,98
189,12,0,4,0,77,81
190,00,0,0,0,8,8
190,01,0,0,0,2,2
190,02,0,0,0,2,2
190,03,1,0,0,7,8
190,04,0,0,0,6,6
190,05,0,0,0,9,9
190,06,0,0,0,15,15
190,07,0,2,0,20,22
190,08,2,0,0,26,28
190,09,0,2,0,28,30
190,10,0,0,0,23,23
190,11,0,0,0,25,25
190,12,1,0,0,15,16
191,00,0,0,0,28,28
191,01,0,0,0,25,25
191,02,0,0,0,7,7
191,03,0,0,0,16,16
191,04,0,1,0,22,23
191,05,1,0,0,23,24
191,06,3,0,0,64,67
191,07,3,0,0,110,113
191,08,1,3,0,149,153
191,09,1,6,0,99,106
191,10,1,1,0,78,80
191,11,0,3,0,56,59
191,12,0,2,0,50,52
192,00,0,0,0,17,17
192,01,0,0,0,8,8
192,02,0,0,0,10,10
192,03,0,0,0,12,12
192,04,0,0,0,13,13
192,05,0,0,0,18,18
192,06,0,0,0,30,30
192,07,1,0,0,65,66
192,08,0,1,0,60,61
192,09,1,1,0,65,67
192,10,0,2,0,61,63
192,11,0,3,0,54,57
192,12,0,3,0,41,44
193,00,1,1,0,17,19
193,01,3,0,0,8,11
193,02,1,0,0,4,5
193,03,0,0,0,9,9
193,04,1,0,0,11,12
193,05,5,0,0,21,26
193,06,13,1,0,44,58
193,07,24,3,0,47,74
193,08,13,6,0,57,76
193,09,12,3,0,52,67
193,10,3,6,0,44,53
193,11,7,5,0,37,49
193,12,5,2,0,48,55
194,00,1,0,0,2,3
194,01,0,0,0,2,2
194,02,0,0,0,1,1
194,03,0,0,0,0,0
194,04,0,0,0,0,0
194,05,2,0,0,0,2
194,06,0,0,0,0,0
194,07,1,0,0,0,1
194,08,1,0,0,1,2
194,09,0,1,0,0,1
194,10,0,0,0,6,6
194,11,1,0,0,1,2
194,12,1,0,0,5,6
195,00,0,0,0,35,35
195,01,0,0,0,21,21
195,02,0,0,0,14,14
195,03,0,0,0,7,7
195,04,1,0,0,6,7
195,05,0,0,0,18,18
195,06,0,0,0,23,23
195,07,0,0,0,39,39
195,08,1,6,0,65,72
195,09,0,1,0,76,77
195,10,0,1,0,57,58
195,11,0,0,0,48,48
195,12,1,1,0,46,48
196,00,0,0,0,32,32
196,01,0,0,0,20,20
196,02,2,1,0,17,20
196,03,0,0,0,7,7
196,04,1,0,0,9,10
196,05,1,1,0,20,22
196,06,2,3,0,49,54
196,07,5,3,0,60,68
196,08,2,2,0,80,84
196,09,2,4,0,81,87
196,10,0,5,0,66,71
196,11,1,7,0,60,68
196,12,3,12,0,67,82
197,00,1,1,0,32,34
197,01,0,0,0,33,33
197,02,0,0,0,18,18
197,03,0,0,0,23,23
197,04,1,0,0,40,41
197,05,2,0,0,48,50
197,06,1,0,0,89,90
197,07,0,3,0,165,168
197,08,4,4,0,196,204
197,09,1,3,0,130,134
197,10,2,0,0,110,112
197,11,3,2,0,101,106
197,12,2,1,0,95,98
198,00,1,1,0,125,127
198,01,0,1,0,62,63
198,02,0,2,0,48,50
198,03,0,0,0,34,34
198,04,0,0,0,62,62
198,05,0,0,0,83,83
198,06,1,0,0,155,156
198,07,0,0,0,235,235
198,08,1,4,0,224,229
198,09,2,2,0,211,215
198,10,1,2,0,166,169
198,11,1,1,0,133,135
198,12,0,2,0,134,136
199,00,0,0,0,0,0
199,01,0,0,0,0,0
199,02,0,0,0,0,0
199,03,0,0,0,0,0
199,04,0,0,0,0,0
199,05,0,0,0,0,0
199,06,0,0,0,0,0
199,07,0,0,0,0,0
199,08,0,0,0,0,0
199,09,0,0,0,0,0
199,10,0,0,0,0,0
199,11,0,0,0,0,0
199,12,0,0,0,0,0
200,00,2,0,0,31,33
200,01,1,0,0,20,21
200,02,1,0,0,5,6
200,03,0,0,0,10,10
200,04,0,0,0,9,9
200,05,0,0,0,21,21
200,06,0,1,0,40,41
200,07,0,1,0,68,69
200,08,1,3,0,92,96
200,09,1,1,0,80,82
200,10,0,2,0,65,67
200,11,0,1,0,59,60
200,12,1,0,0,47,48
201,00,0,0,0,4,4
201,01,0,0,0,3,3
201,02,0,0,0,1,1
201,03,0,0,0,4,4
201,04,0,0,0,0,0
201,05,0,0,0,3,3
201,06,0,0,0,11,11
201,07,0,0,0,9,9
201,08,0,0,0,18,18
201,09,0,0,0,10,10
201,10,0,0,0,13,13
201,11,0,0,0,7,7
201,12,0,0,0,5,5
202,00,0,0,0,2,2
202,01,0,0,0,1,1
202,02,0,0,0,7,7
202,03,0,0,0,4,4
202,04,0,0,0,3,3
202,05,1,0,0,12,13
202,06,1,0,0,9,10
202,07,2,0,0,10,12
202,08,0,3,0,16,19
202,09,0,0,0,27,27
202,10,0,0,0,19,19
202,11,0,0,0,18,18
202,12,0,0,0,16,16
203,00,0,0,0,20,20
203,01,0,0,0,9,9
203,02,0,0,0,12,12
203,03,0,0,0,6,6
203,04,3,0,0,16,19
203,05,0,0,0,14,14
203,06,1,2,0,52,55
203,07,0,1,0,76,77
203,08,0,2,0,88,90
203,09,1,2,0,66,69
203,10,1,0,0,45,46
203,11,0,0,0,44,44
203,12,0,2,0,33,35
204,00,0,0,0,1,1
204,01,0,0,0,1,1
204,02,0,0,0,1,1
204,03,0,0,0,0,0
204,04,0,0,0,1,1
204,05,0,0,0,3,3
204,06,0,0,0,7,7
204,07,0,0,0,7,7
204,08,0,0,0,7,7
204,09,0,0,0,7,7
204,10,0,0,0,7,7
204,11,0,0,0,3,3
204,12,0,0,0,2,2
205,00,0,0,0,37,37
205,01,0,0,0,20,20
205,02,0,0,0,21,21
205,03,0,0,0,20,20
205,04,1,0,0,31,32
205,05,4,1,0,54,59
205,06,1,1,0,96,98
205,07,2,4,0,156,162
205,08,2,5,0,161,168
205,09,3,6,0,116,125
205,10,0,2,0,105,107
205,11,0,1,0,90,91
205,12,1,1,0,81,83
206,00,0,0,0,28,28
206,01,0,0,0,14,14
206,02,0,0,0,15,15
206,03,0,0,0,4,4
206,04,0,0,0,8,8
206,05,0,0,0,12,12
206,06,0,0,0,39,39
206,07,0,0,0,74,74
206,08,0,0,0,86,86
206,09,0,0,0,74,74
206,10,0,0,0,63,63
206,11,0,0,0,49,49
206,12,0,0,0,44,44
207,00,0,0,0,0,0
207,01,0,0,0,0,0
207,02,0,0,0,0,0
207,03,0,0,0,0,0
207,04,0,0,0,0,0
207,05,0,0,0,0,0
207,06,0,0,0,0,0
207,07,1,0,0,1,2
207,08,0,0,0,1,1
207,09,0,0,0,0,0
207,10,1,0,0,1,2
207,11,0,0,0,1,1
207,12,0,0,0,0,0
208,00,0,0,0,39,39
208,01,0,0,0,23,23
208,02,0,1,0,11,12
208,03,0,0,0,19,19
208,04,0,0,0,15,15
208,05,1,0,0,26,27
208,06,0,2,0,76,78
208,07,0,1,0,111,112
208,08,1,2,0,161,164
208,09,1,5,0,102,108
208,10,1,1,0,79,81
208,11,1,2,0,56,59
208,12,0,2,0,53,55
209,00,17,0,0,86,103
209,01,15,0,0,47,62
209,02,7,0,0,35,42
209,03,1,0,0,20,21
209,04,2,0,0,25,27
209,05,5,0,0,41,46
209,06,18,0,0,35,53
209,07,10,0,0,52,62
209,08,34,0,0,60,94
209,09,26,0,0,78,104
209,10,18,0,0,63,81
209,11,22,0,0,71,93
209,12,26,0,0,51,77
210,00,0,6,0,34,40
210,01,0,1,0,22,23
210,02,0,1,0,22,23
210,03,0,0,0,10,10
210,04,0,0,0,21,21
210,05,2,0,0,21,23
210,06,3,3,0,51,57
210,07,1,2,0,123,126
210,08,1,10,0,164,175
210,09,0,4,0,107,111
210,10,1,6,0,102,109
210,11,0,8,0,100,108
210,12,1,4,0,85,90
211,00,52,0,0,193,245
211,01,41,0,0,128,169
211,02,25,0,0,65,90
211,03,14,0,0,24,38
211,04,12,0,0,36,48
211,05,9,0,0,29,38
211,06,25,0,0,64,89
211,07,38,1,0,113,152
211,08,65,0,0,154,219
211,09,75,0,0,183,258
211,10,61,0,0,143,204
211,11,56,0,0,172,228
211,12,91,1,0,182,274
212,00,0,3,0,51,54
212,01,0,0,0,36,36
212,02,0,0,0,26,26
212,03,0,0,0,14,14
212,04,1,0,0,14,15
212,05,0,2,0,19,21
212,06,1,2,0,31,34
212,07,2,5,0,64,71
212,08,1,5,0,109,115
212,09,0,7,0,139,146
212,10,0,2,0,65,67
212,11,0,2,0,66,68
212,12,0,4,0,54,58
213,00,1,0,0,62,63
213,01,0,0,0,33,33
213,02,0,0,0,15,15
213,03,0,0,0,23,23
213,04,0,0,0,30,30
213,05,1,1,0,50,52
213,06,3,2,0,88,93
213,07,1,2,0,156,159
213,08,0,8,0,201,209
213,09,1,7,0,154,162
213,10,1,6,0,126,133
213,11,0,6,0,101,107
213,12,1,2,0,101,104
214,00,0,0,0,11,11
214,01,0,0,0,5,5
214,02,0,0,0,1,1
214,03,0,0,0,3,3
214,04,0,0,0,4,4
214,05,0,0,0,6,6
214,06,0,0,0,12,12
214,07,0,0,0,20,20
214,08,0,0,0,26,26
214,09,0,0,0,28,28
214,10,0,0,0,21,21
214,11,0,0,0,20,20
214,12,0,0,0,21,21
215,00,1,0,0,31,32
215,01,1,0,0,19,20
215,02,1,0,0,14,15
215,03,0,0,0,13,13
215,04,2,0,0,26,28
215,05,0,1,0,63,64
215,06,3,1,0,85,89
215,07,0,2,0,156,158
215,08,1,3,0,149,153
215,09,1,4,0,113,118
215,10,1,1,0,79,81
215,11,1,2,0,66,69
215,12,0,0,0,70,70
216,00,0,0,0,53,53
216,01,1,0,0,36,37
216,02,1,0,0,32,33
216,03,1,1,0,46,48
216,04,0,0,0,34,34
216,05,4,0,0,83,87
216,06,4,0,0,145,149
216,07,3,3,0,276,282
216,08,9,2,0,270,281
216,09,4,3,0,148,155
216,10,2,1,0,145,148
216,11,4,0,0,131,135
216,12,1,2,0,112,115
217,00,3,0,0,45,48
217,01,1,1,0,8,10
217,02,0,0,0,11,11
217,03,1,0,0,6,7
217,04,2,0,0,9,11
217,05,0,0,0,9,9
217,06,0,0,0,12,12
217,07,0,1,0,21,22
217,08,1,0,0,35,36
217,09,0,2,0,57,59
217,10,0,0,0,51,51
217,11,3,2,0,42,47
217,12,1,0,0,50,51
218,00,0,0,0,24,24
218,01,0,0,0,13,13
218,02,0,0,0,11,11
218,03,1,0,0,12,13
218,04,0,0,0,26,26
218,05,1,2,0,31,34
218,06,3,4,0,59,66
218,07,2,2,0,110,114
218,08,1,1,0,105,107
218,09,2,3,0,71,76
218,10,0,1,0,59,60
218,11,2,2,0,39,43
218,12,1,0,0,34,35
219,00,2,0,0,20,22
219,01,1,0,0,8,9
219,02,2,0,0,11,13
219,03,1,0,0,11,12
219,04,2,0,0,27,29
219,05,0,0,0,41,41
219,06,2,0,0,51,53
219,07,4,1,0,85,90
219,08,2,1,0,85,88
219,09,1,0,0,54,55
219,10,0,0,0,73,73
219,11,0,0,0,60,60
219,12,3,0,0,41,44
220,00,2,0,0,85,87
220,01,1,0,0,40,41
220,02,2,0,0,22,24
220,03,0,0,0,11,11
220,04,0,0,0,10,10
220,05,0,0,0,29,29
220,06,0,0,0,64,64
220,07,2,0,0,110,112
220,08,1,0,0,129,130
220,09,1,3,0,116,120
220,10,2,5,0,89,96
220,11,1,3,0,92,96
220,12,0,6,0,82,88
221,00,0,0,0,6,6
221,01,0,0,0,6,6
221,02,0,0,0,7,7
221,03,0,0,0,7,7
221,04,0,0,0,6,6
221,05,0,0,0,8,8
221,06,0,0,0,27,27
221,07,0,0,0,38,38
221,08,0,0,0,59,59
221,09,0,0,0,45,45
221,10,0,0,0,42,42
221,11,0,0,0,29,29
221,12,0,0,0,40,40
222,00,0,0,0,11,11
222,01,0,0,0,8,8
222,02,0,0,0,6,6
222,03,0,0,0,5,5
222,04,0,0,0,5,5
222,05,0,0,0,14,14
222,06,1,1,0,21,23
222,07,1,6,0,46,53
222,08,0,3,0,64,67
222,09,1,1,0,44,46
222,10,0,2,0,37,39
222,11,0,4,0,23,27
222,12,0,5,0,29,34
223,00,8,14,0,103,125
223,01,2,8,0,72,82
223,02,4,3,0,47,54
223,03,1,0,0,31,32
223,04,2,1,0,60,63
223,05,10,2,0,91,103
223,06,17,4,0,173,194
223,07,38,14,0,277,329
223,08,18,25,0,279,322
223,09,20,14,0,203,237
223,10,5,22,0,146,173
223,11,6,19,0,134,159
223,12,3,25,0,128,156
224,00,12,0,0,27,39
224,01,1,0,0,18,19
224,02,2,0,0,15,17
224,03,2,0,0,8,10
224,04,6,0,0,17,23
224,05,16,0,0,34,50
224,06,23,0,0,66,89
224,07,27,0,0,124,151
224,08,33,0,0,169,202
224,09,24,0,0,221,245
224,10,42,0,0,120,162
224,11,31,0,0,89,120
224,12,24,0,0,79,103
225,00,2,1,0,171,174
225,01,3,2,0,138,143
225,02,1,1,0,87,89
225,03,0,0,0,60,60
225,04,1,0,0,78,79
225,05,3,2,0,108,113
225,06,2,5,0,187,194
225,07,3,7,0,304,314
225,08,2,10,0,340,352
225,09,7,10,0,277,294
225,10,1,6,0,263,270
225,11,2,3,0,213,218
225,12,1,4,0,228,233
226,00,12,4,0,90,106
226,01,10,0,0,75,85
226,02,13,0,0,39,52
226,03,7,0,0,38,45
226,04,9,0,0,64,73
226,05,21,0,0,88,109
226,06,40,2,0,116,158
226,07,53,6,0,217,276
226,08,41,8,0,254,303
226,09,17,6,0,194,217
226,10,13,9,0,195,217
226,11,16,8,0,169,193
226,12,10,11,0,168,189
227,00,0,0,0,31,31
227,01,0,0,0,19,19
227,02,0,0,0,13,13
227,03,0,0,0,11,11
227,04,0,0,0,18,18
227,05,1,0,0,23,24
227,06,1,3,0,59,63
227,07,2,2,0,87,91
227,08,1,1,0,124,126
227,09,1,2,0,71,74
227,10,2,3,0,51,56
227,11,0,1,0,66,67
227,12,2,2,0,60,64
228,00,2,0,0,71,73
228,01,0,0,0,52,52
228,02,1,0,0,17,18
228,03,0,0,0,13,13
228,04,0,0,0,27,27
228,05,2,1,0,29,32
228,06,1,0,0,68,69
228,07,2,4,0,122,128
228,08,0,1,0,166,167
228,09,0,2,0,94,96
228,10,0,4,0,99,103
228,11,3,1,0,113,117
228,12,0,4,0,112,116
229,00,141,0,0,222,363
229,01,78,0,0,124,202
229,02,45,0,0,56,101
229,03,28,0,0,34,62
229,04,32,0,0,46,78
229,05,67,0,0,75,142
229,06,202,0,0,116,318
229,07,358,0,0,302,660
229,08,385,0,0,365,750
229,09,290,0,0,320,610
229,10,273,0,0,228,501
229,11,252,0,0,221,473
229,12,207,0,0,205,412
230,00,545,0,0,535,1080
230,01,311,0,0,331,642
230,02,179,0,0,228,407
230,03,110,0,0,149,259
230,04,105,0,0,106,211
230,05,131,0,0,107,238
230,06,201,0,0,154,355
230,07,319,0,0,208,527
230,08,302,0,0,259,561
230,09,356,0,0,298,654
230,10,353,0,0,277,630
230,11,396,0,0,303,699
230,12,402,0,0,290,692
231,00,142,0,0,343,485
231,01,114,0,0,210,324
231,02,62,0,0,108,170
231,03,48,0,0,77,125
231,04,55,0,0,83,138
231,05,55,0,0,78,133
231,06,144,0,0,149,293
231,07,257,0,0,295,552
231,08,260,0,0,445,705
231,09,216,0,0,391,607
231,10,224,0,0,352,576
231,11,209,0,0,358,567
231,12,244,0,0,334,578
232,00,19,0,0,84,103
232,01,8,0,0,67,75
232,02,7,0,0,34,41
232,03,8,0,0,25,33
232,04,7,0,0,29,36
232,05,6,0,0,52,58
232,06,13,0,0,77,90
232,07,21,0,0,140,161
232,08,25,0,0,199,224
232,09,14,0,0,271,285
232,10,14,0,0,154,168
232,11,9,0,0,141,150
232,12,21,0,0,124,145
233,00,84,0,0,133,217
233,01,45,0,0,93,138
233,02,24,0,0,53,77
233,03,16,0,0,40,56
233,04,17,0,0,47,64
233,05,65,0,0,69,134
233,06,153,1,0,144,298
233,07,217,0,0,297,514
233,08,254,0,0,319,573
233,09,211,0,0,302,513
233,10,190,0,0,254,444
233,11,173,0,0,221,394
233,12,158,0,0,249,407
234,00,289,0,0,472,761
234,01,151,0,0,298,449
234,02,89,0,0,163,252
234,03,40,0,0,79,119
234,04,36,0,0,72,108
234,05,51,0,0,89,140
234,06,151,0,0,117,268
234,07,278,0,0,209,487
234,08,329,0,0,373,702
234,09,350,0,0,378,728
234,10,344,0,0,369,713
234,11,370,0,0,361,731
234,12,448,3,0,370,821
235,00,0,0,0,44,44
235,01,2,2,0,47,51
235,02,1,0,0,29,30
235,03,1,0,0,14,15
235,04,0,0,0,23,23
235,05,4,2,0,27,33
235,06,2,1,0,68,71
235,07,1,6,0,148,155
235,08,4,8,0,226,238
235,09,2,5,0,184,191
235,10,0,2,0,151,153
235,11,0,4,0,143,147
235,12,0,0,0,129,129
236,00,77,0,0,80,157
236,01,31,0,0,47,78
236,02,16,0,0,22,38
236,03,11,0,0,12,23
236,04,25,0,0,17,42
236,05,114,1,0,48,163
236,06,300,1,0,124,425
236,07,715,2,0,403,1120
236,08,903,3,0,463,1369
236,09,756,4,0,334,1094
236,10,788,3,0,335,1126
236,11,831,4,0,293,1128
236,12,800,4,0,306,1110
237,00,211,0,0,183,394
237,01,60,0,0,84,144
237,02,31,0,0,47,78
237,03,23,0,0,32,55
237,04,28,0,0,25,53
237,05,80,0,0,48,128
237,06,251,0,0,76,327
237,07,735,0,0,273,1008
237,08,844,0,0,391,1235
237,09,730,0,0,385,1115
237,10,721,0,0,291,1012
237,11,803,0,0,339,1142
237,12,796,0,0,379,1175
238,00,57,0,0,77,134
238,01,34,0,0,72,106
238,02,20,0,0,26,46
238,03,12,0,0,27,39
238,04,35,0,0,28,63
238,05,66,0,0,69,135
238,06,120,0,0,126,246
238,07,274,0,0,358,632
238,08,386,0,0,443,829
238,09,380,0,0,355,735
238,10,318,0,0,284,602
238,11,359,0,0,244,603
238,12,377,0,0,238,615
239,00,99,0,0,107,206
239,01,37,0,0,98,135
239,02,39,0,0,25,64
239,03,18,0,0,19,37
239,04,24,0,0,31,55
239,05,56,0,0,65,121
239,06,101,0,0,109,210
239,07,200,0,0,319,519
239,08,324,0,0,410,734
239,09,355,0,0,352,707
239,10,442,0,0,252,694
239,11,425,0,0,228,653
239,12,482,0,0,181,663
240,00,0,0,0,33,33
240,01,1,0,0,37,38
240,02,0,0,0,20,20
240,03,0,0,0,13,13
240,04,0,0,0,6,6
240,05,1,0,0,7,8
240,06,0,0,0,16,16
240,07,1,0,0,12,13
240,08,0,0,0,31,31
240,09,0,0,0,28,28
240,10,0,0,0,13,13
240,11,0,1,0,12,13
240,12,0,1,0,19,20
241,00,2,0,0,73,75
241,01,1,0,0,58,59
241,02,0,0,0,24,24
241,03,0,0,0,23,23
241,04,0,0,0,20,20
241,05,0,0,0,34,34
241,06,1,1,0,75,77
241,07,3,2,0,147,152
241,08,0,2,0,209,211
241,09,1,2,0,163,166
241,10,0,1,0,122,123
241,11,1,1,0,100,102
241,12,0,1,0,83,84
242,00,1,0,0,66,67
242,01,1,1,0,46,48
242,02,1,0,0,24,25
242,03,0,0,0,20,20
242,04,0,0,0,11,11
242,05,2,0,0,27,29
242,06,1,0,0,53,54
242,07,1,2,0,122,125
242,08,1,4,0,171,176
242,09,1,7,0,150,158
242,10,0,10,0,132,142
242,11,0,8,0,142,150
242,12,1,1,0,136,138
243,00,3,0,0,123,126
243,01,5,1,0,108,114
243,02,2,0,0,62,64
243,03,0,0,0,40,40
243,04,1,0,0,43,44
243,05,1,4,0,45,50
243,06,3,6,0,100,109
243,07,8,11,0,174,193
243,08,8,8,0,198,214
243,09,2,6,0,200,208
243,10,2,13,0,146,161
243,11,6,2,0,145,153
243,12,2,4,0,116,122
244,00,28,4,0,265,297
244,01,19,5,0,181,205
244,02,12,1,0,90,103
244,03,9,1,0,63,73
244,04,5,0,0,60,65
244,05,9,4,0,86,99
244,06,18,13,0,106,137
244,07,45,17,0,197,259
244,08,31,28,0,257,316
244,09,10,29,0,250,289
244,10,9,30,0,238,277
244,11,7,30,0,193,230
244,12,11,37,0,224,272
245,00,0,0,0,11,11
245,01,0,0,0,7,7
245,02,0,0,0,5,5
245,03,0,0,0,2,2
245,04,0,0,0,7,7
245,05,0,0,0,8,8
245,06,0,0,0,16,16
245,07,0,0,0,22,22
245,08,0,0,0,39,39
245,09,0,0,0,27,27
245,10,0,0,0,19,19
245,11,0,0,0,26,26
245,12,0,0,0,17,17
246,00,79,0,0,318,397
246,01,49,0,0,173,222
246,02,31,0,0,82,113
246,03,29,0,0,66,95
246,04,27,0,0,65,92
246,05,29,0,0,80,109
246,06,77,0,0,131,208
246,07,148,0,0,258,406
246,08,174,0,0,429,603
246,09,140,0,0,428,568
246,10,129,0,0,379,508
246,11,144,0,0,328,472
246,12,153,0,0,314,467
247,00,4,0,0,103,107
247,01,2,0,0,90,92
247,02,1,0,0,35,36
247,03,0,0,0,36,36
247,04,2,0,0,22,24
247,05,2,1,0,25,28
247,06,4,1,0,53,58
247,07,5,4,0,125,134
247,08,6,12,0,175,193
247,09,3,4,0,153,160
247,10,0,4,0,127,131
247,11,1,5,0,132,138
247,12,5,8,0,131,144
248,00,0,0,0,46,46
248,01,0,0,0,27,27
248,02,0,0,0,10,10
248,03,1,0,0,16,17
248,04,0,1,0,6,7
248,05,1,0,0,30,31
248,06,1,1,0,44,46
248,07,2,2,0,90,94
248,08,1,2,0,120,123
248,09,1,3,0,103,107
248,10,1,0,0,80,81
248,11,0,0,0,64,64
248,12,0,1,0,41,42
249,00,261,0,0,410,671
249,01,203,0,0,231,434
249,02,129,0,0,165,294
249,03,94,0,0,95,189
249,04,57,0,0,83,140
249,05,43,0,0,71,114
249,06,94,0,0,110,204
249,07,168,1,0,236,405
249,08,210,0,0,332,542
249,09,226,0,0,357,583
249,10,203,0,0,187,390
249,11,161,0,0,174,335
249,12,159,0,0,207,366
250,00,0,1,0,42,43
250,01,0,0,0,24,24
250,02,0,0,0,17,17
250,03,0,1,0,16,17
250,04,1,0,0,17,18
250,05,0,0,0,15,15
250,06,0,3,0,27,30
250,07,2,0,0,69,71
250,08,1,3,0,130,134
250,09,0,3,0,149,152
250,10,0,2,0,63,65
250,11,0,0,0,62,62
250,12,0,6,0,58,64
251,00,0,0,0,6,6
251,01,0,0,0,4,4
251,02,0,0,0,3,3
251,03,0,0,0,2,2
251,04,0,0,0,2,2
251,05,0,0,0,8,8
251,06,0,0,0,8,8
251,07,0,0,0,20,20
251,08,0,0,0,20,20
251,09,0,0,0,22,22
251,10,0,0,0,15,15
251,11,0,0,0,22,22
251,12,0,0,0,12,12
252,00,0,0,0,11,11
252,01,0,0,0,5,5
252,02,0,0,0,5,5
252,03,0,0,0,4,4
252,04,1,0,0,11,12
252,05,0,0,0,9,9
252,06,1,0,0,34,35
252,07,0,1,0,49,50
252,08,1,0,0,62,63
252,09,0,0,0,43,43
252,10,0,0,0,45,45
252,11,0,2,0,38,40
252,12,0,0,0,30,30
253,00,0,0,0,0,0
253,01,1,0,0,0,1
253,02,0,0,0,1,1
253,03,0,0,0,0,0
253,04,0,0,0,0,0
253,05,0,0,0,0,0
253,06,0,0,0,0,0
253,07,0,0,0,0,0
253,08,0,0,0,1,1
253,09,0,0,0,2,2
253,10,0,0,0,1,1
253,11,0,0,0,0,0
253,12,0,1,0,1,2
254,00,0,0,0,54,54
254,01,3,0,0,45,48
254,02,0,0,0,34,34
254,03,0,0,0,20,20
254,04,0,0,0,26,26
254,05,2,1,0,49,52
254,06,0,1,0,73,74
254,07,2,1,0,116,119
254,08,1,6,0,170,177
254,09,0,2,0,157,159
254,10,2,3,0,119,124
254,11,1,2,0,110,113
254,12,1,0,0,114,115
255,00,34,19,0,382,435
255,01,10,16,0,249,275
255,02,5,6,0,111,122
255,03,2,6,0,69,77
255,04,10,4,0,66,80
255,05,1,0,0,71,72
255,06,1,1,0,120,122
255,07,4,0,0,183,187
255,08,4,4,0,268,276
255,09,3,3,0,255,261
255,10,2,2,0,230,234
255,11,4,2,0,222,228
255,12,4,2,0,208,214
256,00,27,14,0,272,313
256,01,8,10,0,183,201
256,02,9,6,0,95,110
256,03,6,2,0,54,62
256,04,7,2,0,57,66
256,05,5,0,0,65,70
256,06,1,2,0,104,107
256,07,4,0,0,136,140
256,08,6,3,0,193,202
256,09,1,3,0,200,204
256,10,1,1,0,183,185
256,11,1,2,0,171,174
256,12,3,2,0,163,168
257,00,1,0,0,16,17
257,01,0,0,0,11,11
257,02,0,0,0,12,12
257,03,0,0,0,4,4
257,04,0,0,0,12,12
257,05,1,0,0,18,19
257,06,2,0,0,37,39
257,07,1,2,0,59,62
257,08,2,4,0,85,91
257,09,0,2,0,59,61
257,10,0,2,0,41,43
257,11,0,5,0,42,47
257,12,1,2,0,50,53
258,00,0,1,0,33,34
258,01,0,0,0,14,14
258,02,1,0,0,17,18
258,03,0,0,0,21,21
258,04,2,0,0,27,29
258,05,0,0,0,43,43
258,06,1,0,0,78,79
258,07,0,1,0,110,111
258,08,3,2,0,155,160
258,09,1,0,0,112,113
258,10,0,2,0,74,76
258,11,0,3,0,75,78
258,12,1,2,0,53,56
259,00,0,0,0,46,46
259,01,0,0,0,42,42
259,02,0,0,0,29,29
259,03,0,0,0,24,24
259,04,1,0,0,14,15
259,05,0,0,0,34,34
259,06,0,1,0,62,63
259,07,2,0,0,97,99
259,08,1,3,0,120,124
259,09,0,2,0,117,119
259,10,0,3,0,97,100
259,11,0,0,0,73,73
259,12,0,1,0,69,70
260,00,3,13,0,62,78
260,01,7,11,0,50,68
260,02,5,4,0,33,42
260,03,6,5,0,22,33
260,04,3,4,0,50,57
260,05,11,8,0,41,60
260,06,29,9,0,106,144
260,07,27,14,0,164,205
260,08,17,24,0,162,203
260,09,4,21,0,136,161
260,10,3,11,0,87,101
260,11,4,16,0,93,113
260,12,1,13,0,97,111
261,00,44,0,0,95,139
261,01,15,0,0,50,65
261,02,9,0,0,38,47
261,03,5,0,0,19,24
261,04,9,0,0,33,42
261,05,15,0,0,43,58
261,06,30,0,0,56,86
261,07,42,0,0,94,136
261,08,58,0,0,100,158
261,09,49,0,0,92,141
261,10,81,0,0,95,176
261,11,75,0,0,88,163
261,12,81,0,0,113,194
262,00,19,0,0,37,56
262,01,8,0,0,20,28
262,02,5,0,0,9,14
262,03,4,0,0,14,18
262,04,9,0,0,19,28
262,05,73,0,0,58,131
262,06,168,0,0,137,305
262,07,247,0,0,369,616
262,08,260,0,0,419,679
262,09,288,0,0,326,614
262,10,273,0,0,253,526
262,11,199,0,0,166,365
262,12,198,0,0,130,328
263,00,85,0,0,87,172
263,01,57,0,0,54,111
263,02,31,0,0,45,76
263,03,27,0,0,26,53
263,04,40,0,0,39,79
263,05,98,1,0,83,182
263,06,240,2,0,149,391
263,07,265,4,0,330,599
263,08,310,1,0,382,693
263,09,339,3,0,279,621
263,10,293,0,0,216,509
263,11,264,2,0,146,412
263,12,283,0,0,162,445
